13 19 14 5 3 12 16 7 2 1 13 1 10 13 5 10 11 9 4 18 2 5 9 19 13 10 7 10 8 8 18 3 19 10 4 10 5 15 3 11 15 15 19 2 1 12 18 9 19 3 18 18 2 13 14 9 8 14 18 17 2 6 17 3 4 6 8 16 7 0 9 0 4 11 16 2 2 0 10 18 12 4 13 7 9 4 3 8 1 10 9 18 17 4 1 15 8 18 2 16 
2 1 3 2 3 4 1 7 2 1 2 1 3 4 5 7 4 0 4 2 2 5 2 4 0 0 7 7 1 6 4 3 3 6 4 2 5 5 3 8 8 8 8 8 8 12 18 9 19 15 18 18 11 13 14 9 15 14 18 17 10 10 17 19 18 19 16 16 10 10 9 13 19 11 16 9 18 9 10 18 12 11 13 10 9 13 10 13 16 10 9 18 17 12 14 15 13 18 15 19 
0 1 0 1 1 0 1 1 2 2 2 2 2 2 2 2 4 3 4 5 5 5 7 4 4 3 7 7 3 6 4 3 3 6 4 3 7 5 4 8 8 8 8 8 8 12 18 9 19 15 18 18 11 13 14 9 15 14 18 17 10 10 17 19 18 19 16 16 10 10 9 13 19 11 16 9 18 9 10 18 12 11 13 10 9 13 10 13 16 10 9 18 17 12 14 15 13 18 15 19 
0 0 0 1 1 1 1 1 2 2 2 2 2 2 2 2 4 3 4 5 5 5 7 4 4 3 7 7 3 6 4 3 3 6 4 3 7 5 4 8 8 8 8 8 8 12 18 9 19 15 18 18 11 13 14 9 15 14 18 17 10 10 17 19 18 19 16 16 10 10 9 13 19 11 16 9 18 9 10 18 12 11 13 10 9 13 10 13 16 10 9 18 17 12 14 15 13 18 15 19 
0 0 0 1 1 1 1 1 2 2 2 2 2 2 2 2 3 3 3 3 3 3 4 4 4 4 4 4 4 6 5 7 5 6 5 5 7 7 7 8 8 8 8 8 8 12 18 9 19 15 18 18 11 13 14 9 15 14 18 17 10 10 17 19 18 19 16 16 10 10 9 13 19 11 16 9 18 9 10 18 12 11 13 10 9 13 10 13 16 10 9 18 17 12 14 15 13 18 15 19 
0 0 0 1 1 1 1 1 2 2 2 2 2 2 2 2 3 3 3 3 3 3 4 4 4 4 4 4 4 6 5 7 5 6 5 5 7 7 7 8 8 8 8 8 8 12 18 9 19 15 18 18 11 13 14 9 15 14 18 17 10 10 17 19 18 19 16 16 10 10 9 13 19 11 16 9 18 9 10 18 12 11 13 10 9 13 10 13 16 10 9 18 17 12 14 15 13 18 15 19 
0 0 0 1 1 1 1 1 2 2 2 2 2 2 2 2 3 3 3 3 3 3 4 4 4 4 4 4 4 5 5 5 5 6 6 7 7 7 7 8 8 8 8 8 8 12 18 9 19 15 18 18 11 13 14 9 15 14 18 17 10 10 17 19 18 19 16 16 10 10 9 13 19 11 16 9 18 9 10 18 12 11 13 10 9 13 10 13 16 10 9 18 17 12 14 15 13 18 15 19 
0 0 0 1 1 1 1 1 2 2 2 2 2 2 2 2 3 3 3 3 3 3 4 4 4 4 4 4 4 5 5 5 5 6 6 7 7 7 7 8 8 8 8 8 8 12 18 9 19 15 18 18 11 13 14 9 15 14 18 17 10 10 17 19 18 19 16 16 10 10 9 13 19 11 16 9 18 9 10 18 12 11 13 10 9 13 10 13 16 10 9 18 17 12 14 15 13 18 15 19 
0 0 0 1 1 1 1 1 2 2 2 2 2 2 2 2 3 3 3 3 3 3 4 4 4 4 4 4 4 5 5 5 5 6 6 7 7 7 7 8 8 8 8 8 8 12 18 9 19 15 18 18 11 13 14 9 15 14 18 17 10 10 17 19 18 19 16 16 10 10 9 13 19 11 16 9 18 9 10 18 12 11 13 10 9 13 10 13 16 10 9 18 17 12 14 15 13 18 15 19 
0 0 0 1 1 1 1 1 2 2 2 2 2 2 2 2 3 3 3 3 3 3 4 4 4 4 4 4 4 5 5 5 5 6 6 7 7 7 7 8 8 8 8 8 8 10 10 9 9 10 10 9 11 10 11 9 9 10 9 9 10 10 11 12 12 12 16 16 19 18 19 13 19 17 16 17 18 18 14 18 15 14 13 13 18 13 18 13 16 15 19 18 17 18 14 15 13 18 15 19 
0 0 0 1 1 1 1 1 2 2 2 2 2 2 2 2 3 3 3 3 3 3 4 4 4 4 4 4 4 5 5 5 5 6 6 7 7 7 7 8 8 8 8 8 8 9 9 9 9 9 9 9 10 10 10 10 10 10 10 10 11 11 11 12 12 12 16 16 19 18 19 13 19 17 16 17 18 18 14 18 15 14 13 13 18 13 18 13 16 15 19 18 17 18 14 15 13 18 15 19 
0 0 0 1 1 1 1 1 2 2 2 2 2 2 2 2 3 3 3 3 3 3 4 4 4 4 4 4 4 5 5 5 5 6 6 7 7 7 7 8 8 8 8 8 8 9 9 9 9 9 9 9 10 10 10 10 10 10 10 10 11 11 11 12 12 12 16 16 19 18 19 13 19 17 16 17 18 18 14 18 15 14 13 13 18 13 18 13 16 15 19 18 17 18 14 15 13 18 15 19 
0 0 0 1 1 1 1 1 2 2 2 2 2 2 2 2 3 3 3 3 3 3 4 4 4 4 4 4 4 5 5 5 5 6 6 7 7 7 7 8 8 8 8 8 8 9 9 9 9 9 9 9 10 10 10 10 10 10 10 10 11 11 11 12 12 12 16 16 19 18 19 13 19 17 16 17 18 18 14 18 15 14 13 13 18 13 18 13 16 15 19 18 17 18 14 15 13 18 15 19 
0 0 0 1 1 1 1 1 2 2 2 2 2 2 2 2 3 3 3 3 3 3 4 4 4 4 4 4 4 5 5 5 5 6 6 7 7 7 7 8 8 8 8 8 8 9 9 9 9 9 9 9 10 10 10 10 10 10 10 10 11 11 11 12 12 12 14 14 14 13 13 13 13 13 13 15 15 15 15 18 18 18 17 16 18 17 18 19 16 19 19 18 17 18 18 19 16 18 16 19 
0 0 0 1 1 1 1 1 2 2 2 2 2 2 2 2 3 3 3 3 3 3 4 4 4 4 4 4 4 5 5 5 5 6 6 7 7 7 7 8 8 8 8 8 8 9 9 9 9 9 9 9 10 10 10 10 10 10 10 10 11 11 11 12 12 12 13 13 13 13 13 13 14 14 14 15 15 15 15 18 18 18 17 16 18 17 18 19 16 19 19 18 17 18 18 19 16 18 16 19 
0 0 0 1 1 1 1 1 2 2 2 2 2 2 2 2 3 3 3 3 3 3 4 4 4 4 4 4 4 5 5 5 5 6 6 7 7 7 7 8 8 8 8 8 8 9 9 9 9 9 9 9 10 10 10 10 10 10 10 10 11 11 11 12 12 12 13 13 13 13 13 13 14 14 14 15 15 15 15 18 18 18 17 16 18 17 18 19 16 19 19 18 17 18 18 19 16 18 16 19 
0 0 0 1 1 1 1 1 2 2 2 2 2 2 2 2 3 3 3 3 3 3 4 4 4 4 4 4 4 5 5 5 5 6 6 7 7 7 7 8 8 8 8 8 8 9 9 9 9 9 9 9 10 10 10 10 10 10 10 10 11 11 11 12 12 12 13 13 13 13 13 13 14 14 14 15 15 15 15 16 18 18 17 16 18 17 18 18 16 18 16 18 17 18 18 19 19 19 19 19 
0 0 0 1 1 1 1 1 2 2 2 2 2 2 2 2 3 3 3 3 3 3 4 4 4 4 4 4 4 5 5 5 5 6 6 7 7 7 7 8 8 8 8 8 8 9 9 9 9 9 9 9 10 10 10 10 10 10 10 10 11 11 11 12 12 12 13 13 13 13 13 13 14 14 14 15 15 15 15 16 16 17 16 16 17 17 18 18 18 18 18 18 18 18 18 19 19 19 19 19 
0 0 0 1 1 1 1 1 2 2 2 2 2 2 2 2 3 3 3 3 3 3 4 4 4 4 4 4 4 5 5 5 5 6 6 7 7 7 7 8 8 8 8 8 8 9 9 9 9 9 9 9 10 10 10 10 10 10 10 10 11 11 11 12 12 12 13 13 13 13 13 13 14 14 14 15 15 15 15 16 16 16 16 17 17 17 18 18 18 18 18 18 18 18 18 19 19 19 19 19 
