200
54
33
51
48
15
25
53
24
50
51
54
39
9
16
47
46
30
39
10
24
12
17
30
24
30
51
33
37
19
52
47
9
18
9
42
41
23
10
18
46
45
29
25
32
49
10
29
32
51
43
38
20
30
49
52
24
41
12
34
29
20
46
45
38
16
18
21
32
26
31
11
27
33
42
38
15
27
26
54
45
48
48
23
10
34
11
52
42
53
22
14
32
12
29
25
20
41
38
17
33
6
19
36
7
7
36
28
15
27
12
45
45
54
37
12
51
7
49
45
36
39
28
31
37
42
17
24
26
11
50
52
52
47
12
6
47
53
15
23
18
21
8
16
20
28
52
43
25
14
6
10
16
7
45
35
23
10
11
22
9
33
34
22
30
39
52
16
8
15
53
17
49
47
13
47
41
27
5
23
10
37
20
12
48
13
16
36
10
49
30
18
39
19
47
10
38
22
51
14
28
