500
27
16
31
45
36
10
45
25
38
47
8
46
56
55
40
33
43
44
20
50
52
12
33
30
50
18
49
49
40
51
34
24
12
17
11
36
46
24
30
4
56
24
14
48
28
21
16
8
12
24
28
32
37
27
55
27
40
32
50
35
40
10
12
16
43
14
6
53
33
13
54
16
13
35
14
29
19
34
13
48
21
4
20
11
40
40
49
44
29
47
23
29
56
9
17
28
34
49
35
21
54
28
50
47
55
4
46
43
42
43
53
15
18
5
28
31
32
36
29
33
56
25
33
20
44
27
18
33
30
51
54
17
8
23
33
30
5
28
50
23
30
41
25
44
46
19
10
46
55
9
39
4
24
31
29
16
9
53
6
10
50
35
17
15
48
10
11
51
31
16
19
34
45
16
35
10
18
31
23
41
27
33
15
8
20
7
39
15
43
19
49
20
19
47
40
44
16
33
32
39
24
52
41
53
40
25
17
9
10
37
30
47
5
43
36
48
53
10
32
30
24
18
49
15
15
23
8
3
24
18
14
56
18
43
50
19
44
50
32
8
34
32
10
19
55
5
51
14
51
51
46
33
41
13
34
6
13
36
16
16
37
51
38
23
42
52
38
36
33
24
11
4
35
55
26
39
20
20
29
21
10
11
30
52
31
36
19
25
21
30
13
47
14
18
3
21
3
6
5
30
12
14
18
30
24
36
20
45
37
11
42
23
42
5
44
56
32
4
54
46
40
29
47
32
53
39
22
56
23
23
18
15
26
21
31
30
24
3
30
30
5
47
53
28
7
20
8
35
4
37
17
55
20
56
48
24
50
14
12
19
38
7
4
5
5
48
22
49
54
25
26
50
11
49
52
54
32
32
27
22
43
8
17
46
41
39
55
40
52
47
45
39
27
12
25
7
55
53
48
15
44
33
5
36
29
33
49
22
23
13
18
28
32
55
6
43
34
27
12
3
32
8
3
56
17
49
42
38
27
50
56
22
14
6
8
14
50
50
54
23
47
22
46
11
10
30
5
37
49
43
49
32
51
30
41
49
14
53
25
36
32
29
44
34
26
49
56
6
13
12
17
50
7
37
16
6
18
21
39
27
38
14
3
38
51
52
38
37
7
15
48
51
56
32
52
36
6
53
23
21
