1000
56
15
32
47
56
14
14
23
48
24
27
14
44
39
39
19
44
49
46
34
23
45
47
51
17
36
32
24
46
48
51
49
24
17
30
28
35
35
13
40
59
52
18
33
31
54
42
12
50
41
29
46
39
31
56
34
50
51
41
12
34
30
17
24
59
51
55
12
20
33
37
19
59
16
57
34
28
57
33
14
27
20
54
20
58
54
21
56
30
25
23
55
35
46
38
21
13
49
23
34
43
13
21
19
44
22
41
24
37
30
44
58
29
13
56
53
20
13
40
40
15
35
48
48
44
46
44
17
12
36
59
36
43
26
17
49
16
39
40
40
19
29
42
23
36
18
35
38
12
16
17
41
50
54
39
49
43
56
24
45
45
25
40
18
58
16
25
58
32
44
49
42
59
32
49
41
59
58
48
32
22
50
55
24
41
42
29
27
40
58
15
53
24
58
43
51
59
23
22
15
49
43
21
20
29
16
55
31
57
17
56
27
42
37
42
55
28
31
12
45
16
46
38
32
47
36
16
46
29
54
12
26
29
30
51
20
28
41
19
53
35
13
20
42
30
49
38
37
37
55
31
16
33
43
50
55
49
52
27
13
42
35
13
17
54
34
58
43
39
43
29
57
16
25
43
18
36
24
59
24
17
49
55
59
17
34
35
32
40
38
55
22
45
45
50
53
43
32
42
53
23
26
43
39
23
45
42
49
46
59
39
53
53
47
28
52
21
46
33
17
46
36
12
40
46
47
58
57
59
12
55
15
51
20
41
36
52
26
49
13
51
49
23
36
23
29
24
30
46
46
39
22
13
28
31
35
44
30
49
39
36
17
56
24
38
28
48
35
49
50
45
12
58
24
17
27
21
57
15
19
44
17
55
27
45
18
20
55
59
58
55
40
28
19
47
57
34
38
35
58
58
46
14
42
42
37
57
18
54
36
32
13
50
15
12
35
58
50
24
54
55
58
49
56
44
44
36
27
50
32
15
33
48
25
46
15
25
54
16
14
41
18
55
22
16
26
23
36
50
54
52
28
15
34
28
29
12
41
54
36
17
26
25
59
36
58
44
48
19
46
53
27
32
15
49
35
28
31
25
54
44
46
16
22
40
42
27
54
20
29
59
50
14
33
16
51
30
55
59
32
28
17
36
53
24
53
48
26
24
52
57
12
23
16
39
54
36
21
21
29
26
12
33
55
48
53
55
32
58
48
58
39
31
58
19
26
50
56
19
18
52
21
16
58
38
57
20
26
48
46
12
24
49
24
38
19
21
55
37
35
28
41
58
31
52
59
52
13
49
29
57
21
14
25
25
48
31
44
20
51
29
33
46
35
33
34
15
26
30
52
43
45
47
57
18
59
17
24
15
30
26
16
28
41
28
20
36
51
44
16
53
48
54
37
46
24
54
28
42
59
57
34
41
15
17
23
27
26
23
37
18
16
57
36
36
40
24
45
30
14
42
59
28
40
44
22
15
56
36
24
47
17
31
39
42
41
50
36
29
19
53
30
30
12
40
19
59
18
30
34
16
37
22
57
40
56
57
45
42
21
24
45
52
31
33
33
54
33
35
17
58
54
59
13
25
51
28
19
57
42
40
30
17
17
56
12
26
28
26
34
34
58
25
34
42
33
27
30
13
42
25
37
51
51
19
51
48
30
15
24
15
34
29
54
46
48
31
19
54
26
12
29
17
35
56
27
49
51
48
18
37
54
58
25
52
40
19
31
37
17
57
52
29
36
36
22
27
24
32
55
23
35
20
24
29
34
21
55
50
20
18
41
52
15
47
34
43
30
35
25
21
25
57
22
23
21
21
33
34
15
21
38
59
48
33
34
12
22
52
41
33
49
58
35
25
56
34
28
23
21
30
19
43
46
36
41
49
18
37
54
29
43
57
20
14
46
18
42
17
50
36
46
21
31
53
58
26
51
47
47
54
50
22
51
40
22
55
32
53
50
48
44
49
43
42
15
29
36
20
49
12
49
14
35
31
19
29
33
15
46
41
41
26
49
51
19
41
51
49
58
33
31
36
30
44
26
52
54
30
31
47
23
42
28
59
37
13
51
59
18
47
52
23
23
30
15
17
19
51
49
48
19
36
21
55
59
32
33
41
38
35
47
41
40
16
23
15
58
17
34
48
53
51
46
12
50
16
55
21
42
30
47
55
34
49
48
58
47
14
28
17
57
20
12
57
31
40
16
39
48
33
12
32
58
49
50
13
51
36
49
55
19
51
43
20
14
19
14
33
50
58
18
39
40
31
41
48
37
33
42
