(hash 6521561 52125523 256)
(212 15 9999)
(237 972 8888)
(190 838 7777)
(190 1795 6666)
(154 838 7777)
(154 35 5555)
(190 838 7777)
(237 1795 6666)
(212 972 8888)
(154 15 9999)
(190 35 5555)
(154 838 7777)
(212 15 9999)
(237 972 8888)
(190 1795 6666)
(154 35 5555)
(190 838 7777)
(237 1795 6666)
(212 972 8888)
(154 15 9999)
(190 35 5555)
(154 838 7777)
(212 15 9999)
(237 972 8888)
(190 1795 6666)
(154 35 5555)
(190 838 7777)
(237 1795 6666)
(212 972 8888)
(154 15 9999)
(190 35 5555)
(154 838 7777)
(212 15 9999)
(237 972 8888)
(190 1795 6666)
(154 35 5555)
(190 838 7777)
(237 1795 6666)
(212 972 8888)
(154 15 9999)
(190 35 5555)
(154 838 7777)
(212 15 9999)
(237 972 8888)
(190 1795 6666)
(154 35 5555)
(190 838 7777)
(237 1795 6666)
(212 972 8888)
(154 15 9999)
(190 35 5555)
(154 838 7777)
(212 15 9999)
(237 972 8888)
(190 1795 6666)
(154 35 5555)
(190 838 7777)
(237 1795 6666)
(212 972 8888)
(154 15 9999)
(190 35 5555)
(154 838 7777)
(212 15 9999)
(237 972 8888)
(190 1795 6666)
(154 35 5555)
(190 838 7777)
(237 1795 6666)
(212 972 8888)
(154 15 9999)
(190 35 5555)
(154 838 7777)
(212 15 9999)
(237 972 8888)
(190 1795 6666)
(154 35 5555)
(190 838 7777)
(237 1795 6666)
(212 972 8888)
(154 15 9999)
(190 35 5555)
(154 838 7777)
(212 15 9999)
(237 972 8888)
(190 1795 6666)
(154 35 5555)
(190 838 7777)
(237 1795 6666)
(212 972 8888)
(154 15 9999)
(190 35 5555)
(154 838 7777)
(212 15 9999)
(237 972 8888)
(190 1795 6666)
(154 35 5555)
(190 838 7777)
(237 1795 6666)
(212 972 8888)
(154 15 9999)
(190 35 5555)
(154 838 7777)
(212 15 9999)
(237 972 8888)
(190 1795 6666)
(154 35 5555)
(190 838 7777)
(237 1795 6666)
(212 972 8888)
(154 15 9999)
(190 35 5555)
(154 838 7777)
(212 15 9999)
(237 972 8888)
(190 1795 6666)
(154 35 5555)
(190 838 7777)
(237 1795 6666)
(212 972 8888)
(154 15 9999)
(190 35 5555)
(154 838 7777)
(212 15 9999)
(237 972 8888)
(190 1795 6666)
(154 35 5555)
(190 838 7777)
(237 1795 6666)
(212 972 8888)
(154 15 9999)
(190 35 5555)
(154 838 7777)
(212 15 9999)
(237 972 8888)
(190 1795 6666)
(154 35 5555)
(190 838 7777)
(237 1795 6666)
(212 972 8888)
(154 15 9999)
(190 35 5555)
(154 838 7777)
(212 15 9999)
(237 972 8888)
(190 1795 6666)
(154 35 5555)
(190 838 7777)
(237 1795 6666)
(212 972 8888)
(154 15 9999)
(190 35 5555)
(154 838 7777)
(212 15 9999)
(237 972 8888)
(190 1795 6666)
(154 35 5555)
(190 838 7777)
(237 1795 6666)
(212 972 8888)
(154 15 9999)
(190 35 5555)
(154 838 7777)
(212 15 9999)
(237 972 8888)
(190 1795 6666)
(154 35 5555)
(190 838 7777)
(237 1795 6666)
(212 972 8888)
(154 15 9999)
(190 35 5555)
(154 838 7777)
(212 15 9999)
(237 972 8888)
(190 1795 6666)
(154 35 5555)
(190 838 7777)
(237 1795 6666)
(212 972 8888)
(154 15 9999)
(190 35 5555)
(154 838 7777)
(212 15 9999)
(237 972 8888)
(190 1795 6666)
(154 35 5555)
(190 838 7777)
(237 1795 6666)
(212 972 8888)
(154 15 9999)
(190 35 5555)
(154 838 7777)
(212 15 9999)
(237 972 8888)
(190 1795 6666)
(154 35 5555)
(190 838 7777)
(237 1795 6666)
(212 972 8888)
(154 15 9999)
(190 35 5555)
(154 838 7777)
(212 15 9999)
(237 972 8888)
(190 1795 6666)
(154 35 5555)
(190 838 7777)
(237 1795 6666)
(212 972 8888)
(154 15 9999)
(190 35 5555)
(154 838 7777)
(212 15 9999)
(237 972 8888)
(190 1795 6666)
(154 35 5555)
(190 838 7777)
(237 1795 6666)
(212 972 8888)
(154 15 9999)
(190 35 5555)
(154 838 7777)
(212 15 9999)
(237 972 8888)
(190 1795 6666)
(154 35 5555)
(190 838 7777)
(237 1795 6666)
(212 972 8888)
(154 15 9999)
(190 35 5555)
(154 838 7777)
(212 15 9999)
(237 972 8888)
(190 1795 6666)
(154 35 5555)
(190 838 7777)
(237 1795 6666)
(212 972 8888)
(154 15 9999)
(190 35 5555)
(154 838 7777)
(212 15 9999)
(237 972 8888)
(190 1795 6666)
(154 35 5555)
(190 838 7777)
(237 1795 6666)
(212 972 8888)
(154 15 9999)
(190 35 5555)
(154 838 7777)
(212 15 9999)
(237 972 8888)
(190 1795 6666)
(154 35 5555)
(190 838 7777)
(237 1795 6666)
(212 972 8888)
(154 15 9999)
(190 35 5555)
(154 838 7777)
(212 15 9999)
(237 972 8888)
(190 1795 6666)
(154 35 5555)
(190 838 7777)
(237 1795 6666)
(212 972 8888)
(154 15 9999)
(190 35 5555)
(154 838 7777)
(212 15 9999)
(237 972 8888)
(190 1795 6666)
(154 35 5555)
(190 838 7777)
(237 1795 6666)
(212 972 8888)
(154 15 9999)
(190 35 5555)
(154 838 7777)
(212 15 9999)
(237 972 8888)
(190 1795 6666)
(154 35 5555)
(190 838 7777)
(237 1795 6666)
(212 972 8888)
(154 15 9999)
(190 35 5555)
(154 838 7777)
(212 15 9999)
(237 972 8888)
(190 1795 6666)
(154 35 5555)
(190 838 7777)
(237 1795 6666)
(212 972 8888)
(154 15 9999)
(190 35 5555)
(154 838 7777)
(212 15 9999)
(237 972 8888)
(190 1795 6666)
(154 35 5555)
(190 838 7777)
(237 1795 6666)
(212 972 8888)
(154 15 9999)
(190 35 5555)
(154 838 7777)
(212 15 9999)
(237 972 8888)
(190 1795 6666)
(154 35 5555)
(190 838 7777)
(237 1795 6666)
(212 972 8888)
(154 15 9999)
(190 35 5555)
(154 838 7777)
(212 15 9999)
(237 972 8888)
(190 1795 6666)
(154 35 5555)
(190 838 7777)
(237 1795 6666)
(212 972 8888)
(154 15 9999)
(190 35 5555)
(154 838 7777)
(212 15 9999)
(237 972 8888)
(190 1795 6666)
(154 35 5555)
(190 838 7777)
(237 1795 6666)
(212 972 8888)
(154 15 9999)
(190 35 5555)
(154 838 7777)
(212 15 9999)
(237 972 8888)
(190 1795 6666)
(154 35 5555)
(190 838 7777)
(hash 6521561 52125523 512)
(410 35 5555)
(446 838 7777)
(468 15 9999)
(493 972 8888)
(237 1795 6666)
