(hash 9516234881 2222239 256)
0
(223 23 32)
(138 12 360)
360
(138 12 95)
95
(220 56 111)
no
(202 84 234)
yes
(78 77 4096)
(30 95 59)
(158 2222 645)
6
(54 1 14)
(83 10 140)
(46 100 1400)
(204 1000 14000)
(100 101 100)
(235 9663 3669)
(48 847 48)
(238 762 238)
(95 625 95)
(96 252 96)
(100 474 100)
(100 101 100)
(200 474 100)
100
100
(252 5694 10101)
none
(138 12 999)
(94 82 84)
(187 9876 5432)
(54 1 2)
(108 2 2)
(162 3 2)
(216 4 2)
(15 5 4)
(69 6 7)
(247 99 22)
(207 18 95)
(73 143 346)
(167 225 249)
(110 918 345)
(84 11 33)
(135 45 21)
(163 88 99)
(168 22 55)
(81 44 29)
(8 274 82)
(115 396 972)
(64 445 499)
(29 959 874)
(97 705 608)
(188 164 490)
(223 23 770)
(18 430 217)
(8 274 270)
(192 13 360)
(241 741 307)
(51 530 678)
(13 784 302)
(124 838 839)
(212 155 378)
(230 875 243)
(109 172 114)
(45 388 585)
(246 590 376)
(114 21 299)
(47 558 454)
(88 521 206)
(173 905 51)
(119 904 177)
(54 747 84)
(33 1 2)
(186 282 440)
(206 221 810)
(147 659 757)
(25 161 898)
(82 417 500)
(132 366 579)
(253 779 782)
(240 656 775)
(161 867 373)
(14 954 87)
(239 528 653)
(223 23 952)
(226 363 652)
(86 266 669)
(191 877 157)
(59 884 164)
(66 236 309)
(74 228 651)
(19 515 145)
(151 50 218)
(123 380 306)
(199 405 366)
(77 568 558)
(201 287 10)
(219 344 64)
(66 236 688)
(98 219 647)
(128 34 258)
(239 528 419)
(161 494 798)
(214 867 373)
(194 844 958)
(217 89 75)
(57 341 746)
(21 397 481)
(128 890 915)
(51 34 258)
(64 530 678)
(241 445 499)
(38 741 307)
(115 767 116)
(223 396 972)
(11 23 952)
(117 361 262)
(60 681 69)
(43 133 510)
(182 230 223)
(11 241 316)
(223 23 952)
(115 396 972)
(151 767 116)
(159 50 218)
(140 182 215)
(101 186 932)
(177 8 120)
(16 548 684)
(98 219 746)
(222 301 650)
(87 724 31)
(96 337 990)
(95 252 96)
(200 625 95)
(100 474 100)
(96 101 100)
(163 337 990)
(167 88 99)
(205 225 249)
(166 428 382)
(221 802 23)
(2 628 275)
(106 781 808)
(27 416 95)
(103 153 349)
(36 402 382)
(185 197 520)
(84 11 799)
(218 14 263)
(119 243 956)
(189 904 177)
(50 983 506)
(180 348 200)
(38 741 405)
(13 784 504)
(34 435 740)
(111 796 497)
(237 977 211)
(199 405 360)
(167 88 71)
(205 712 187)
(167 225 249)
(163 88 71)
(96 337 990)
(100 101 100)
(200 474 100)
(95 625 95)
(96 252 96)
(163 337 990)
(167 88 71)
(205 225 249)
(78 712 187)
(50 77 4096)
(52 983 506)
(50 898 357)
(78 77 4096)
(205 712 187)
(167 225 249)
(163 88 71)
(96 337 990)
(95 252 96)
(200 625 95)
(100 474 100)
(96 101 100)
(163 337 990)
(167 88 71)
(205 225 249)
(78 712 187)
(50 77 4096)
(241 898 357)
(64 445 499)
(51 530 678)
(128 34 258)
(226 890 915)
(20 363 652)
(59 884 244)
(32 638 9)
(hash 9516234881 2222239 512)
(258 628 275)
(8 274 270)
(11 241 316)
(13 784 504)
(14 954 87)
(15 5 4)
(16 548 684)
(274 430 217)
(19 515 145)
(482 363 652)
(277 397 481)
(281 161 898)
(27 416 95)
(29 959 874)
(286 95 59)
(288 638 9)
(310 1 2)
(290 435 740)
(292 402 382)
(497 741 405)
(299 133 510)
(45 388 585)
(302 100 1400)
(47 558 454)
(100 847 48)
(334 77 4096)
(64 530 678)
(306 983 506)
(241 747 84)
(313 341 746)
(315 884 244)
(316 681 69)
(320 445 499)
(508 236 688)
(325 6 7)
(329 143 346)
(74 228 651)
(77 568 558)
(205 712 187)
(337 44 29)
(338 417 500)
(30 10 140)
(340 11 799)
(86 266 669)
(343 724 31)
(344 521 206)
(350 82 84)
(351 252 96)
(352 101 100)
(81 705 608)
(354 219 746)
(200 474 100)
(357 186 932)
(359 153 349)
(106 781 808)
(108 2 2)
(109 172 114)
(110 918 345)
(151 796 497)
(370 21 299)
(479 396 972)
(373 361 262)
(119 243 956)
(123 380 306)
(380 838 839)
(307 34 258)
(388 366 579)
(135 45 21)
(138 12 999)
(140 182 215)
(147 659 757)
(371 767 116)
(158 2222 645)
(159 50 218)
(161 494 798)
(418 3 2)
(96 337 990)
(166 428 382)
(163 88 71)
(173 905 51)
(433 8 120)
(436 348 200)
(182 230 223)
(185 197 520)
(442 282 440)
(443 9876 5432)
(188 164 490)
(375 904 177)
(191 877 157)
(448 13 360)
(194 844 958)
(199 405 360)
(351 625 95)
(352 252 96)
(100 101 100)
(48 847 48)
(457 287 10)
(458 84 234)
(460 1000 14000)
(167 225 249)
(462 221 810)
(463 18 95)
(468 155 378)
(214 867 373)
(216 4 2)
(473 89 75)
(247 14 263)
(219 344 64)
(476 56 111)
(477 802 23)
(192 301 650)
(267 23 952)
(128 890 915)
(83 875 243)
(414 9663 3669)
(493 977 211)
(356 762 238)
(495 528 419)
(240 656 775)
(50 898 357)
(246 590 376)
(503 99 22)
(52 5694 10101)
(509 779 782)
(115 479 210)
(430 990 495)
