3336
0 35 74 378
0 35 174 464
0 37 212 367
0 49 27 201
0 59 162 333
0 61 58 402
0 63 100 318
0 72 150 473
0 99 91 410
0 104 312 319
0 112 130 483
0 120 155 414
0 129 284 329
0 134 1 117
0 136 92 199
0 138 44 86
0 163 281 355
0 175 44 456
0 192 72 76
0 207 160 467
0 230 92 388
0 253 348 490
0 271 270 450
0 288 232 435
0 304 59 83
0 330 251 381
0 330 318 467
0 382 92 318
0 385 82 325
0 394 76 397
0 415 53 287
0 423 275 326
0 434 316 466
0 441 224 375
0 442 141 215
0 452 79 370
0 480 80 239
1 41 239 481
1 62 138 141
1 70 330 476
1 71 62 96
1 142 357 396
1 143 2 326
1 162 177 378
1 169 261 330
1 171 11 199
1 173 22 95
1 205 262 458
1 218 153 381
1 219 278 289
1 220 253 441
1 270 56 499
1 275 180 488
1 306 291 457
1 312 84 440
1 322 129 316
1 347 272 428
1 390 71 143
1 447 271 474
1 447 293 435
1 448 360 380
1 458 257 443
1 486 69 470
1 487 201 355
2 16 13 126
2 18 238 344
2 60 146 383
2 80 18 243
2 94 95 96
2 101 7 56
2 167 198 205
2 183 351 379
2 206 113 349
2 225 79 98
2 226 137 223
2 262 4 455
2 291 199 237
2 301 276 363
2 308 114 454
2 356 138 199
2 374 58 123
2 377 25 273
2 406 246 331
2 422 83 132
2 443 252 472
2 461 289 412
2 462 109 341
2 466 50 74
2 478 40 436
2 483 70 343
2 498 46 59
3 16 14 145
3 32 274 404
3 37 133 369
3 45 93 340
3 45 134 370
3 105 311 483
3 116 65 108
3 127 118 180
3 133 363 484
3 159 201 409
3 179 76 282
3 200 31 381
3 205 127 361
3 223 236 355
3 224 48 414
3 248 12 266
3 277 132 420
3 292 365 388
3 323 184 397
3 339 331 499
3 346 17 436
3 346 177 284
3 367 303 363
3 433 16 431
3 433 85 91
3 433 137 230
3 437 89 474
3 458 8 31
3 471 108 394
3 478 226 422
4 7 123 336
4 62 38 133
4 86 73 426
4 144 301 416
4 188 203 468
4 190 38 41
4 203 123 204
4 243 286 310
4 314 251 497
4 347 413 489
4 384 235 427
4 395 249 335
4 438 101 207
4 454 16 110
4 461 100 329
4 463 288 305
4 479 483 494
5 22 95 154
5 53 137 314
5 81 375 412
5 157 43 273
5 161 52 90
5 171 116 348
5 258 107 146
5 275 348 457
5 301 43 219
5 316 144 398
5 336 160 453
5 348 32 474
5 368 94 199
5 371 309 466
5 372 309 316
5 406 125 245
5 441 78 175
5 450 237 446
5 456 104 233
5 464 238 430
6 17 118 351
6 20 189 402
6 38 240 416
6 50 130 160
6 53 144 233
6 56 323 371
6 61 119 314
6 77 33 101
6 89 97 427
6 91 11 79
6 93 95 417
6 96 201 282
6 118 148 373
6 138 66 479
6 186 323 445
6 217 332 461
6 233 262 436
6 273 88 202
6 273 175 337
6 276 73 173
6 300 94 260
6 304 100 361
6 429 184 462
6 448 206 239
6 451 171 207
6 495 380 461
7 18 222 375
7 30 170 450
7 33 100 445
7 115 92 450
7 137 298 403
7 143 259 499
7 147 53 70
7 204 203 336
7 210 60 102
7 218 222 253
7 223 14 231
7 292 54 226
7 310 246 390
7 317 189 292
7 384 73 144
7 405 266 345
7 418 216 393
7 425 64 383
7 436 263 469
7 461 84 189
7 464 294 499
8 36 48 461
8 73 16 255
8 94 152 190
8 108 314 396
8 110 149 485
8 113 75 258
8 129 358 393
8 139 123 356
8 152 83 273
8 200 381 458
8 271 161 204
8 275 160 418
8 298 205 422
8 336 167 441
8 348 189 329
8 397 374 437
8 399 33 118
8 408 136 478
8 440 113 339
8 479 100 354
9 29 70 325
9 66 101 230
9 98 82 285
9 100 47 237
9 163 136 304
9 166 394 418
9 177 136 322
9 208 65 205
9 234 288 422
9 279 216 375
9 290 224 430
9 306 220 221
9 340 169 301
9 341 23 292
9 357 77 209
9 375 103 313
9 383 11 217
9 402 198 287
9 407 266 411
9 448 103 212
9 477 177 214
9 480 197 377
10 19 32 120
10 20 57 187
10 52 238 462
10 59 132 497
10 99 211 415
10 101 64 344
10 108 139 357
10 167 127 187
10 184 142 475
10 189 134 283
10 198 209 437
10 223 204 246
10 269 267 423
10 292 255 355
10 293 17 249
10 324 348 419
10 341 249 345
10 345 432 441
10 369 88 333
10 381 71 356
10 387 290 298
10 408 219 378
10 468 48 413
10 499 28 212
11 30 388 400
11 33 196 326
11 63 23 189
11 69 335 354
11 75 177 397
11 111 142 195
11 123 223 473
11 208 125 126
11 211 39 79
11 228 134 337
11 234 355 384
11 259 84 483
11 295 191 224
11 308 188 324
11 314 85 298
11 327 13 365
11 332 93 413
11 344 168 303
11 375 212 220
11 419 294 453
11 420 56 396
11 422 138 455
11 425 250 275
11 430 331 439
11 460 148 206
11 469 392 435
12 51 64 433
12 80 209 317
12 97 130 230
12 131 71 199
12 133 270 367
12 137 31 122
12 156 201 426
12 177 284 331
12 192 158 231
12 202 322 406
12 229 324 470
12 232 137 468
12 298 76 162
12 326 36 189
12 335 70 426
12 359 201 240
12 394 379 423
12 437 120 270
12 445 170 289
12 462 182 313
12 481 289 460
12 484 270 303
12 498 129 404
13 30 120 172
13 110 172 498
13 118 86 482
13 137 420 491
13 160 357 448
13 206 45 282
13 224 319 421
13 233 411 496
13 271 52 207
13 275 184 485
13 291 80 123
13 294 203 298
13 340 146 242
13 361 37 264
13 375 237 246
13 386 75 272
13 451 269 429
13 487 77 185
14 25 148 340
14 42 221 339
14 81 376 470
14 91 245 370
14 95 153 499
14 101 148 227
14 146 101 234
14 155 329 380
14 161 28 284
14 189 260 477
14 212 101 233
14 218 137 214
14 221 103 213
14 248 65 126
14 309 274 336
14 348 176 226
14 359 74 88
14 388 101 400
14 395 128 486
14 420 64 309
14 423 22 397
14 441 170 207
14 462 376 493
14 475 138 378
15 21 260 318
15 41 199 344
15 42 58 212
15 57 155 348
15 64 245 470
15 69 278 294
15 111 54 414
15 158 162 389
15 161 115 227
15 163 43 129
15 164 67 456
15 193 187 240
15 193 336 376
15 204 314 478
15 206 136 334
15 223 68 198
15 271 154 182
15 291 81 430
15 302 98 369
15 309 215 425
15 316 35 245
15 376 168 350
15 384 119 299
15 384 168 312
15 390 265 320
15 397 411 428
15 409 58 100
15 413 80 330
15 432 322 395
15 448 374 483
15 473 65 197
15 479 240 464
15 498 67 114
16 28 98 467
16 29 407 486
16 41 75 251
16 55 220 319
16 66 273 424
16 108 137 166
16 121 52 463
16 121 376 430
16 136 64 473
16 156 308 309
16 209 82 226
16 244 191 451
16 271 104 274
16 276 223 243
16 279 142 256
16 282 69 299
16 355 240 269
16 371 252 353
16 388 204 417
16 401 312 331
16 403 102 106
16 409 290 445
16 431 85 91
16 431 137 230
16 432 293 472
16 439 74 244
16 444 293 462
16 448 322 450
17 43 112 162
17 52 176 222
17 72 19 116
17 117 35 348
17 141 188 481
17 177 191 299
17 183 85 274
17 204 29 109
17 210 123 158
17 211 64 352
17 211 332 365
17 234 226 450
17 258 317 376
17 298 240 244
17 304 301 317
17 305 83 243
17 310 124 410
17 321 40 129
17 323 401 492
17 328 467 492
17 341 293 345
17 403 39 151
17 420 369 446
17 420 387 459
17 434 286 333
17 436 177 284
17 438 227 479
17 465 76 146
18 85 46 303
18 133 163 335
18 158 290 384
18 195 276 336
18 253 218 375
18 278 302 496
18 284 49 166
18 317 281 482
18 318 105 378
18 325 21 462
18 354 70 315
18 362 190 265
18 371 321 356
18 384 327 332
18 408 190 372
18 419 249 357
19 21 91 160
19 83 302 409
19 100 133 495
19 105 282 420
19 166 159 344
19 181 101 416
19 221 94 400
19 247 104 394
19 262 168 375
19 276 159 246
19 276 268 294
19 280 340 469
19 329 316 497
19 337 295 398
19 338 147 302
19 346 107 340
19 365 45 467
19 382 66 373
19 391 341 406
19 412 465 493
19 414 427 488
19 433 132 495
19 445 187 425
19 451 153 421
19 453 397 495
19 467 117 234
19 473 132 309
19 478 107 482
20 46 267 480
20 86 167 254
20 91 137 228
20 99 76 100
20 99 165 235
20 117 350 448
20 123 367 412
20 127 57 167
20 127 400 412
20 131 68 277
20 181 347 435
20 195 178 212
20 204 175 341
20 230 85 228
20 250 238 291
20 262 186 457
20 265 222 241
20 267 55 482
20 303 60 117
20 326 329 446
20 372 186 360
20 378 120 297
20 390 429 458
20 398 469 485
20 411 107 154
20 433 27 101
20 438 244 472
20 438 454 477
21 33 116 269
21 75 276 396
21 84 191 200
21 107 24 347
21 110 118 334
21 115 31 156
21 133 282 353
21 199 320 374
21 218 87 264
21 244 307 308
21 296 143 191
21 335 108 238
21 335 206 399
21 378 48 200
21 432 351 382
21 478 53 64
22 30 301 404
22 68 45 342
22 115 88 325
22 125 98 331
22 127 56 198
22 154 263 410
22 208 252 384
22 220 135 225
22 228 361 400
22 234 125 312
22 249 148 465
22 281 135 192
22 282 225 360
22 311 56 260
22 317 190 417
22 319 253 437
22 332 176 383
22 362 365 420
22 400 58 469
22 400 129 184
22 414 359 431
22 420 170 342
22 448 213 335
22 489 29 297
23 37 104 247
23 60 43 340
23 74 122 168
23 79 93 489
23 96 165 383
23 119 30 300
23 119 324 465
23 159 462 490
23 197 174 414
23 199 186 286
23 200 91 280
23 221 96 331
23 222 217 413
23 229 127 273
23 233 108 130
23 264 93 309
23 282 192 453
23 287 214 301
23 291 114 172
23 295 130 256
23 301 102 335
23 334 70 291
23 352 151 238
23 403 76 378
23 423 227 361
23 456 282 300
23 471 131 312
24 46 113 260
24 48 128 198
24 51 42 168
24 66 217 491
24 79 128 243
24 88 108 333
24 98 209 419
24 143 26 272
24 205 353 420
24 247 145 170
24 279 323 467
24 279 328 401
24 359 284 436
24 362 313 326
24 376 65 303
24 384 266 352
24 411 36 431
24 429 293 424
24 440 48 118
24 485 253 469
25 33 344 383
25 56 82 187
25 73 368 497
25 88 448 494
25 111 166 309
25 142 203 276
25 148 327 430
25 152 272 277
25 167 82 485
25 171 53 398
25 175 62 287
25 204 28 186
25 227 101 340
25 292 278 360
25 303 237 479
25 310 55 347
25 329 322 427
25 332 44 141
25 361 222 360
25 369 87 206
25 398 100 312
25 399 39 45
25 456 151 306
26 28 355 412
26 45 44 240
26 49 159 293
26 81 359 482
26 92 286 331
26 101 220 286
26 112 75 423
26 121 239 473
26 171 167 353
26 181 102 239
26 215 293 456
26 219 77 118
26 229 118 258
26 235 91 441
26 242 54 418
26 285 323 374
26 317 83 374
26 340 252 329
26 358 344 406
26 362 86 131
26 377 221 231
26 429 164 473
26 453 264 384
26 456 218 262
26 480 153 199
26 482 462 499
27 100 384 496
27 117 380 382
27 167 256 312
27 189 88 290
27 238 281 288
27 240 225 315
27 267 72 363
27 292 64 319
27 293 105 162
27 303 63 145
27 343 164 454
27 379 225 399
27 383 43 378
27 390 172 247
27 422 152 435
27 474 417 429
27 475 341 479
27 498 238 395
28 30 160 208
28 40 60 142
28 85 128 428
28 91 165 378
28 94 138 443
28 258 153 477
28 260 287 474
28 292 240 443
28 300 297 361
28 318 301 452
28 320 352 423
28 356 39 472
28 362 281 323
28 391 46 199
28 410 221 497
28 414 40 369
28 471 189 279
28 479 99 157
29 34 33 270
29 53 188 493
29 107 71 397
29 123 32 306
29 128 273 337
29 132 188 341
29 137 293 406
29 160 192 388
29 163 207 458
29 188 58 210
29 195 144 422
29 229 45 214
29 242 155 272
29 242 335 399
29 273 100 170
29 302 90 480
29 339 127 326
29 369 230 445
29 372 228 389
29 376 163 167
29 396 338 476
29 401 136 470
29 404 301 384
29 433 357 418
29 440 66 352
29 443 193 435
29 464 82 400
30 92 115 170
30 109 52 67
30 116 423 437
30 147 142 384
30 202 100 343
30 224 71 278
30 300 324 465
30 316 121 428
30 354 75 468
30 356 179 466
30 368 97 159
30 408 280 355
30 415 357 471
30 445 251 319
30 451 179 423
30 456 119 282
30 498 110 120
31 44 312 361
31 57 41 263
31 228 398 421
31 254 134 436
31 259 175 318
31 264 39 368
31 282 227 273
31 328 94 142
31 356 350 474
31 363 105 430
31 401 122 232
31 412 154 166
31 429 160 366
32 40 187 334
32 58 127 269
32 59 231 346
32 99 43 272
32 123 111 155
32 127 103 238
32 167 197 443
32 183 199 304
32 185 83 311
32 266 155 439
32 274 226 234
32 278 83 241
32 350 168 347
32 359 249 372
32 409 420 471
32 409 435 465
32 416 268 362
32 446 72 493
32 473 241 431
32 480 179 483
33 64 149 305
33 67 41 273
33 113 207 277
33 243 270 443
33 260 273 479
33 315 262 476
33 333 157 202
33 363 364 394
33 366 111 467
33 368 54 165
33 374 103 142
33 378 337 341
33 385 149 487
33 451 88 97
33 455 368 377
33 468 125 373
34 56 292 449
34 73 277 353
34 97 114 415
34 113 398 429
34 141 248 321
34 145 407 422
34 149 88 134
34 211 295 491
34 223 46 407
34 251 366 476
34 295 241 408
34 301 173 238
34 310 264 367
34 351 379 465
34 364 156 193
34 400 340 491
34 423 111 401
34 438 170 414
34 444 109 377
34 456 162 219
34 456 221 229
34 465 326 390
34 491 145 191
35 41 120 215
35 54 273 440
35 64 316 470
35 81 392 459
35 100 299 319
35 136 263 361
35 164 160 400
35 169 185 299
35 183 290 434
35 208 182 236
35 239 134 148
35 308 42 298
35 313 177 372
35 338 129 365
35 341 153 478
35 423 85 305
35 426 103 365
35 452 284 288
35 456 94 434
35 495 138 469
35 496 48 265
36 101 315 385
36 109 389 425
36 144 240 381
36 148 145 488
36 179 66 350
36 225 107 373
36 281 254 313
36 388 74 280
36 441 250 291
36 444 110 365
36 446 44 114
36 472 209 357
37 49 204 251
37 134 363 419
37 147 138 182
37 162 259 303
37 173 112 484
37 173 240 304
37 242 78 107
37 339 218 427
37 370 242 448
37 407 183 409
37 411 93 125
37 414 215 256
37 493 149 334
38 40 75 420
38 65 237 403
38 82 296 418
38 83 343 420
38 89 142 441
38 95 230 234
38 116 95 470
38 161 100 242
38 176 59 400
38 185 326 393
38 209 286 288
38 215 95 398
38 216 165 251
38 218 206 371
38 242 224 362
38 257 143 447
38 279 57 429
38 299 308 321
38 312 316 413
38 322 158 363
38 329 205 293
38 333 115 394
38 338 221 287
38 347 48 482
38 359 163 169
38 398 143 362
38 404 306 378
38 421 254 343
38 438 274 405
38 489 72 317
39 66 330 342
39 96 83 354
39 165 236 499
39 174 167 337
39 182 270 486
39 189 136 400
39 203 144 247
39 211 70 91
39 226 154 339
39 328 68 177
39 328 227 482
39 462 295 478
39 465 228 372
39 489 65 375
40 134 180 268
40 157 234 246
40 167 234 479
40 169 370 485
40 185 285 373
40 198 140 351
40 209 363 371
40 212 172 218
40 253 140 178
40 284 139 314
40 313 44 445
40 339 196 347
40 343 75 83
40 346 295 384
40 365 62 121
40 368 271 466
40 393 216 256
41 54 163 237
41 62 133 190
41 87 52 156
41 109 61 249
41 116 170 328
41 119 391 442
41 122 102 498
41 153 231 460
41 183 186 482
41 221 302 342
41 260 67 479
41 286 178 445
41 343 235 358
41 363 163 205
41 375 335 402
41 417 233 327
41 431 161 337
41 463 346 409
41 466 240 480
41 498 234 367
42 100 212 409
42 113 361 470
42 187 140 166
42 226 473 474
42 372 248 366
42 436 200 313
42 438 76 491
42 446 233 483
42 458 48 349
42 481 288 355
42 495 79 151
42 496 228 348
43 48 330 427
43 51 48 133
43 71 152 193
43 85 193 307
43 154 281 396
43 161 131 391
43 168 203 247
43 181 155 403
43 195 363 449
43 221 124 322
43 251 192 391
43 264 113 243
43 279 268 492
43 301 123 405
43 366 114 469
43 389 306 468
43 395 46 357
43 405 283 494
43 407 85 109
43 480 206 234
44 61 111 494
44 166 322 481
44 208 207 336
44 211 114 281
44 211 406 493
44 226 73 245
44 233 83 399
44 239 128 246
44 242 360 377
44 257 142 284
44 273 85 465
44 292 369 395
44 295 298 480
44 347 158 486
44 359 63 86
44 368 212 397
44 375 225 229
44 383 80 457
45 55 203 334
45 119 244 278
45 119 441 455
45 199 178 349
45 202 253 328
45 216 155 381
45 295 326 432
45 299 135 486
45 325 353 397
45 379 117 301
45 420 68 170
45 471 141 214
46 126 270 279
46 140 249 473
46 144 110 119
46 145 223 422
46 173 60 372
46 183 239 358
46 210 175 327
46 219 423 486
46 273 77 153
46 290 152 492
46 297 153 280
46 297 302 404
46 308 162 190
46 385 119 404
46 401 77 233
46 408 174 352
46 418 283 365
46 434 283 454
46 439 161 434
47 83 217 488
47 89 57 284
47 110 67 221
47 121 325 456
47 123 197 278
47 125 162 323
47 148 135 484
47 200 198 411
47 205 110 260
47 288 200 377
47 317 199 226
47 344 158 477
47 447 144 232
47 449 349 387
47 461 422 490
47 469 403 415
48 84 191 378
48 108 360 422
48 114 213 429
48 128 71 389
48 131 55 359
48 131 485 493
48 168 300 364
48 179 236 321
48 235 57 145
48 243 79 198
48 243 83 381
48 254 155 490
48 306 375 424
48 308 337 488
48 446 298 358
48 486 143 477
49 54 165 192
49 110 133 421
49 125 113 378
49 130 99 458
49 134 374 458
49 167 105 209
49 231 287 495
49 262 448 454
49 293 180 250
49 310 351 493
49 329 343 352
49 330 370 471
49 355 177 413
49 374 368 376
49 393 228 325
49 409 98 128
49 422 287 479
49 453 81 449
49 456 159 215
49 457 50 202
49 476 72 346
50 56 210 262
50 108 136 419
50 109 81 361
50 126 232 285
50 132 90 242
50 156 193 401
50 163 153 380
50 213 230 406
50 242 183 495
50 243 106 240
50 247 352 498
50 251 443 484
50 254 125 303
50 272 467 494
50 288 397 420
50 294 486 488
50 307 185 271
50 317 173 460
50 324 101 129
50 332 142 458
50 337 330 340
50 356 71 108
50 372 122 234
50 409 163 438
50 410 119 409
50 428 67 281
50 451 228 297
50 454 55 213
50 491 385 489
51 54 90 306
51 72 458 482
51 74 314 408
51 74 445 491
51 85 312 485
51 88 251 291
51 124 72 262
51 147 61 313
51 165 196 342
51 169 226 406
51 170 242 290
51 184 85 276
51 266 59 117
51 276 304 473
51 284 272 336
51 298 116 290
51 342 77 356
51 391 131 198
51 409 256 352
51 455 385 457
51 463 137 239
51 470 142 423
52 77 190 476
52 98 142 310
52 111 228 291
52 140 231 455
52 151 374 485
52 155 258 402
52 171 129 147
52 171 273 474
52 185 165 422
52 190 150 196
52 227 163 369
52 256 115 496
52 369 141 198
52 378 256 456
52 410 68 368
52 412 207 494
52 452 239 377
52 463 376 430
52 466 236 494
52 479 173 235
52 480 273 310
53 94 117 293
53 94 248 470
53 104 371 375
53 120 402 466
53 149 230 483
53 193 184 357
53 273 425 466
53 330 201 424
53 341 132 493
53 405 292 322
53 412 232 291
53 427 416 449
53 484 197 349
53 494 215 307
53 497 153 461
54 58 109 373
54 87 409 499
54 109 85 179
54 143 130 427
54 143 190 290
54 143 216 267
54 173 261 271
54 205 237 363
54 212 186 318
54 244 264 482
54 264 349 420
54 274 321 473
54 288 202 231
54 303 301 391
54 307 278 286
54 322 401 477
54 324 84 394
54 332 143 267
54 386 240 347
54 391 383 413
54 410 59 210
54 412 223 375
54 423 364 366
55 56 376 419
55 69 234 364
55 100 255 268
55 106 142 206
55 177 230 462
55 181 271 294
55 238 155 285
55 264 104 484
55 264 304 329
55 359 485 493
55 365 420 424
55 368 78 85
55 368 147 442
55 372 138 187
55 382 380 403
55 392 124 151
55 449 194 312
56 80 120 353
56 84 239 393
56 105 152 416
56 142 261 442
56 150 120 355
56 197 61 260
56 199 334 385
56 200 212 338
56 252 313 319
56 255 104 107
56 313 329 379
56 353 200 224
56 354 171 343
56 386 314 431
56 387 239 408
56 400 208 431
56 413 191 271
56 416 147 344
56 419 279 372
56 445 186 371
56 450 96 146
56 453 294 398
56 475 135 234
56 476 318 367
56 480 228 445
56 482 297 472
56 485 167 187
57 65 233 341
57 86 127 254
57 91 178 356
57 167 400 412
57 170 130 367
57 250 298 335
57 251 141 160
57 257 255 311
57 295 142 277
57 332 164 295
57 368 288 383
57 375 70 460
57 389 273 305
57 398 424 492
57 474 227 254
58 60 289 380
58 68 153 407
58 120 195 344
58 131 181 186
58 138 245 454
58 149 356 390
58 187 83 244
58 203 59 299
58 228 349 470
58 257 243 449
58 279 111 305
58 330 236 417
58 346 232 466
58 355 148 221
58 416 64 406
58 469 129 184
59 62 287 329
59 82 92 332
59 100 337 492
59 126 269 348
59 127 256 389
59 161 156 157
59 175 129 357
59 236 219 242
59 240 95 257
59 258 109 237
59 286 343 389
59 297 213 319
59 319 180 419
59 332 199 228
59 343 244 412
59 402 271 456
59 423 342 352
59 435 367 407
59 471 73 211
59 471 336 457
59 489 362 376
60 87 79 95
60 127 116 249
60 191 268 305
60 191 309 336
60 232 67 130
60 291 256 428
60 295 192 223
60 300 190 264
60 307 377 470
60 320 130 409
60 347 71 231
60 350 355 427
60 378 83 231
60 401 292 445
60 411 203 221
60 448 231 498
60 473 399 459
60 499 176 334
61 124 67 323
61 185 219 312
61 196 207 479
61 201 174 372
61 203 163 355
61 234 89 107
61 243 144 410
61 294 88 303
61 295 129 344
61 305 182 403
61 321 228 357
61 329 183 251
61 345 124 416
61 361 280 340
61 365 134 318
61 386 181 384
61 397 357 484
61 433 401 498
61 467 286 357
62 66 319 475
62 97 115 296
62 107 386 481
62 110 90 267
62 177 444 487
62 182 234 336
62 223 119 120
62 240 74 163
62 247 68 199
62 271 109 249
62 271 265 273
62 274 103 388
62 295 100 262
62 320 363 417
62 329 332 422
62 368 232 493
62 379 339 493
62 401 79 191
62 436 406 475
63 91 233 416
63 92 100 382
63 114 129 157
63 147 225 452
63 153 302 437
63 178 225 446
63 211 290 358
63 276 97 448
63 322 382 497
63 329 107 351
63 332 281 427
63 371 64 225
63 396 458 478
63 399 151 153
63 404 280 437
63 421 73 485
63 428 124 443
63 437 182 241
63 453 72 342
63 464 375 434
63 467 100 330
63 484 217 278
63 490 123 389
64 101 188 458
64 119 216 494
64 147 371 452
64 170 236 423
64 178 182 479
64 178 371 446
64 183 161 473
64 186 165 206
64 226 93 159
64 286 315 331
64 290 119 262
64 314 116 340
64 333 66 158
64 352 332 365
64 359 256 385
64 395 267 298
64 484 114 280
64 487 305 385
64 489 251 457
65 102 331 379
65 124 197 234
65 144 424 436
65 155 191 444
65 157 196 288
65 222 286 327
65 230 79 488
65 262 401 495
65 280 141 213
65 301 253 319
65 382 176 417
65 384 90 356
65 412 130 405
65 416 108 332
65 425 183 349
65 447 411 458
65 471 116 394
66 67 310 391
66 86 189 307
66 88 242 498
66 103 112 337
66 109 229 363
66 183 68 393
66 211 276 412
66 215 151 160
66 286 302 308
66 291 159 190
66 323 120 294
66 392 186 418
66 406 319 436
66 412 314 495
66 426 109 269
67 82 313 419
67 92 178 270
67 104 357 465
67 111 133 475
67 122 70 389
67 158 103 315
67 171 214 414
67 171 221 415
67 196 120 360
67 217 98 452
67 230 234 272
67 235 231 435
67 248 79 355
67 250 225 276
67 259 69 412
67 278 68 363
67 288 96 283
67 318 458 461
67 320 232 409
67 356 131 137
67 363 78 415
67 403 269 404
67 461 378 469
67 469 231 394
67 475 179 438
67 492 157 367
68 99 164 289
68 104 75 277
68 152 190 376
68 173 114 357
68 177 227 482
68 197 133 248
68 210 111 112
68 215 170 428
68 225 172 304
68 296 367 495
68 312 88 355
68 314 160 302
68 333 189 302
68 375 142 234
68 386 312 465
68 389 288 298
68 392 174 290
68 410 314 457
68 433 96 469
69 86 181 363
69 93 134 292
69 113 120 208
69 114 297 345
69 118 115 174
69 137 405 456
69 156 153 378
69 205 206 345
69 239 321 361
69 244 81 424
69 270 162 448
69 286 297 351
69 366 121 351
69 370 292 340
69 381 329 445
69 451 323 483
69 498 428 437
70 71 299 460
70 108 120 387
70 129 139 190
70 129 182 379
70 143 299 327
70 156 201 335
70 192 98 222
70 223 79 496
70 261 169 476
70 275 243 493
70 294 132 458
70 355 277 307
70 372 121 435
70 380 383 492
70 382 214 289
70 436 206 488
70 479 191 409
70 480 459 494
71 85 229 280
71 104 105 458
71 115 136 442
71 116 361 415
71 133 223 258
71 133 278 465
71 173 229 346
71 212 85 134
71 217 177 427
71 259 98 309
71 295 341 467
71 307 85 152
71 327 143 460
71 334 72 211
71 350 75 102
71 378 83 347
71 383 143 186
71 438 177 210
71 448 347 498
71 459 153 432
72 78 444 498
72 85 113 156
72 86 109 274
72 114 319 352
72 127 111 340
72 132 250 258
72 135 258 430
72 165 112 183
72 183 301 429
72 224 163 227
72 250 77 252
72 254 238 268
72 331 173 428
72 349 180 281
72 394 192 397
72 401 75 369
72 414 160 426
72 445 73 256
72 449 79 246
73 95 139 182
73 114 191 458
73 117 111 370
73 131 409 462
73 159 256 453
73 165 121 222
73 211 336 457
73 218 78 270
73 243 205 308
73 257 265 418
73 273 144 267
73 274 173 296
73 298 289 310
73 327 282 415
73 333 108 172
73 338 198 351
73 360 107 355
73 363 231 398
73 374 204 248
73 416 194 329
73 478 167 258
74 100 190 348
74 104 305 384
74 120 163 185
74 121 200 303
74 157 346 470
74 243 284 300
74 258 119 425
74 267 383 424
74 301 90 324
74 349 82 272
74 359 82 154
74 378 174 464
74 381 253 325
74 479 218 300
74 484 410 418
74 488 245 270
74 497 321 366
75 87 425 438
75 99 83 119
75 118 121 391
75 128 243 441
75 140 444 464
75 174 375 394
75 215 141 262
75 221 403 465
75 294 134 287
75 350 144 256
75 366 105 145
75 366 434 495
75 385 106 342
75 388 220 302
76 100 165 235
76 140 331 468
76 218 248 274
76 231 110 284
76 236 84 216
76 238 95 393
76 264 245 461
76 290 127 297
76 302 215 290
76 354 188 370
76 370 232 479
76 380 371 428
76 424 269 473
76 429 177 340
76 489 103 447
77 130 352 375
77 162 221 258
77 167 159 404
77 214 88 413
77 229 219 258
77 297 273 280
77 313 117 223
77 326 178 391
77 368 259 266
77 376 157 457
77 396 415 425
77 426 116 377
77 439 272 394
77 445 297 395
77 473 229 456
78 85 147 442
78 92 105 407
78 129 128 496
78 150 462 465
78 171 221 363
78 247 450 470
78 253 247 374
78 264 227 416
78 379 96 340
78 403 179 248
78 452 258 453
79 142 199 363
79 168 371 429
79 198 83 381
79 219 138 447
79 298 356 397
79 309 264 489
79 329 411 498
79 388 167 469
79 449 264 305
79 478 205 284
79 487 307 393
79 492 236 255
79 495 267 436
80 85 112 382
80 101 199 217
80 129 135 249
80 143 166 170
80 168 129 420
80 170 229 355
80 250 264 420
80 251 292 376
80 288 101 141
80 311 121 174
80 323 236 357
80 339 201 314
80 343 252 398
80 345 229 335
80 355 150 353
80 370 144 484
80 377 393 459
80 385 84 108
80 391 85 495
80 394 139 246
80 395 186 302
80 397 157 461
80 427 355 460
80 434 157 431
80 435 292 301
80 440 106 252
80 455 122 251
81 115 205 384
81 137 197 413
81 139 423 476
81 158 160 266
81 178 384 395
81 232 303 415
81 250 113 356
81 294 186 445
81 335 98 182
81 348 160 212
81 378 251 273
81 383 250 486
81 407 93 296
81 493 462 470
82 84 308 342
82 86 91 311
82 90 371 397
82 137 348 430
82 167 398 401
82 219 189 488
82 250 94 392
82 288 159 434
82 429 243 258
83 147 338 409
83 152 394 475
83 174 312 419
83 180 246 374
83 195 93 394
83 198 143 339
83 225 94 489
83 242 220 276
83 254 420 421
83 285 317 323
83 285 437 454
83 307 172 300
83 322 205 417
83 401 115 324
83 409 162 277
83 445 153 191
83 448 378 498
83 473 278 431
84 137 260 315
84 143 200 296
84 218 202 289
84 271 241 322
84 317 292 461
84 343 175 253
84 346 221 445
84 363 405 410
84 408 387 393
84 424 111 490
84 446 286 492
84 448 403 472
84 461 303 386
84 462 142 166
84 478 309 392
85 91 137 230
85 106 174 181
85 106 323 464
85 107 173 469
85 108 227 372
85 141 133 266
85 187 89 126
85 246 372 427
85 278 376 400
85 302 161 447
85 346 173 280
85 413 133 474
85 470 261 495
86 141 305 423
86 164 150 263
86 175 138 456
86 227 127 474
86 229 183 365
86 274 102 151
86 279 220 239
86 368 270 284
86 384 185 220
86 426 232 331
86 440 154 371
86 447 188 276
87 134 216 468
87 234 122 179
87 240 366 454
87 282 129 152
87 287 318 361
87 346 191 392
87 347 118 134
87 352 129 401
87 429 402 431
87 458 181 453
87 496 268 289
88 124 159 437
88 166 262 489
88 177 100 198
88 202 175 337
88 245 262 374
88 251 157 280
88 254 241 393
88 296 96 496
88 301 240 446
88 331 142 414
88 360 353 460
88 395 182 306
88 399 301 356
88 407 236 467
88 411 183 386
88 444 278 428
88 451 339 443
89 93 442 488
89 96 98 251
89 122 277 430
89 177 202 472
89 181 109 190
89 288 164 376
89 289 116 306
89 308 123 212
89 356 333 446
89 376 190 395
89 403 184 443
89 412 237 444
90 163 471 498
90 166 204 454
90 173 116 352
90 182 222 306
90 227 181 190
90 247 246 447
90 248 114 426
90 296 112 494
90 349 151 247
90 351 146 359
90 370 115 156
90 406 178 226
90 411 317 401
90 445 172 461
90 449 105 385
91 107 418 445
91 138 128 407
91 146 328 439
91 159 257 264
91 177 102 339
91 220 318 426
91 265 261 482
91 271 221 495
91 310 93 123
91 363 184 276
91 486 376 467
92 124 148 347
92 220 101 331
92 231 292 360
92 249 197 476
92 251 165 371
92 258 369 495
92 330 382 467
92 349 158 221
92 367 256 473
92 434 356 463
92 441 165 166
92 485 154 250
92 496 156 210
92 497 100 322
93 152 195 475
93 221 418 473
93 246 151 343
93 267 266 344
93 282 237 370
93 284 169 393
93 295 416 490
93 297 313 466
93 303 140 147
93 303 439 494
93 340 134 370
93 370 233 499
94 105 172 478
94 119 395 401
94 126 280 373
94 177 214 379
94 183 290 456
94 196 352 384
94 233 305 350
94 240 138 292
94 263 242 354
94 316 252 289
94 316 469 474
94 320 333 369
94 389 252 487
94 431 303 418
94 439 350 491
94 442 357 376
94 453 219 229
94 457 240 390
95 107 256 305
95 144 150 417
95 155 397 486
95 183 200 497
95 218 166 318
95 218 369 416
95 248 250 434
95 268 104 252
95 286 385 495
95 290 243 496
95 315 392 489
95 343 143 415
95 352 113 382
95 363 152 228
95 405 249 348
95 409 298 357
95 421 152 347
95 428 310 425
95 447 100 136
95 455 355 414
95 457 223 269
95 493 176 193
96 99 290 369
96 143 359 457
96 145 162 315
96 148 285 324
96 168 128 416
96 215 181 336
96 251 337 448
96 252 147 237
96 290 259 289
96 293 485 488
96 304 306 405
96 370 127 257
96 406 301 371
96 434 143 307
96 445 183 292
96 450 425 444
96 479 106 151
96 485 311 443
97 115 238 239
97 119 116 210
97 155 107 497
97 160 119 155
97 166 192 374
97 178 202 477
97 242 147 489
97 259 120 159
97 291 449 497
97 310 306 465
97 366 126 247
97 376 326 357
97 377 241 350
97 381 99 138
97 384 145 328
97 433 417 472
97 485 326 446
98 151 168 383
98 230 155 316
98 260 141 407
98 273 142 480
98 313 168 196
98 328 258 364
98 385 298 478
98 425 180 231
98 433 172 426
98 438 196 323
99 124 273 451
99 134 130 374
99 163 402 484
99 166 386 409
99 190 144 394
99 215 214 490
99 240 108 467
99 396 196 353
99 419 214 269
100 132 133 433
100 155 110 442
100 156 141 236
100 185 169 319
100 222 429 489
100 287 109 241
100 308 116 475
100 326 110 378
100 355 303 443
100 392 231 243
100 393 134 288
100 397 133 453
100 410 151 179
100 410 281 425
100 434 106 323
100 443 105 459
100 461 178 361
100 469 134 450
100 498 113 225
101 123 359 432
101 152 240 326
101 208 192 329
101 216 205 431
101 273 325 462
101 297 122 306
101 356 232 451
101 375 114 429
101 398 272 332
101 465 186 398
101 466 232 423
101 479 389 398
101 487 135 139
102 121 181 473
102 157 468 482
102 204 151 228
102 210 106 250
102 220 295 464
102 231 247 329
102 262 159 430
102 285 351 464
102 328 120 479
102 359 183 389
102 432 195 358
102 482 116 398
102 482 215 470
103 119 294 383
103 140 356 478
103 145 343 399
103 149 178 206
103 156 118 465
103 205 423 498
103 260 227 389
103 299 393 483
103 320 330 473
103 325 388 401
103 338 129 426
103 346 159 315
103 440 257 295
103 449 286 336
103 460 291 380
103 483 232 328
103 494 459 474
104 106 134 141
104 115 310 424
104 170 421 446
104 182 481 495
104 200 340 449
104 217 298 462
104 240 112 329
104 244 131 399
104 313 178 422
104 326 342 477
104 327 241 323
104 330 155 218
104 372 107 391
104 374 280 416
104 406 173 249
104 409 246 476
104 414 168 262
104 433 134 457
104 461 326 471
104 474 186 370
104 484 304 329
105 145 434 495
105 150 482 486
105 208 246 328
105 210 279 456
105 212 139 166
105 219 165 432
105 219 181 277
105 231 364 376
105 245 333 347
105 332 196 255
105 355 296 451
105 356 432 473
105 365 298 404
105 369 214 426
105 403 252 337
105 453 191 341
105 487 261 376
106 124 372 481
106 161 370 465
106 178 109 211
106 192 435 458
106 194 149 180
106 209 438 488
106 231 146 177
106 322 130 286
106 343 398 440
106 369 254 381
106 390 241 248
106 419 219 237
106 457 141 433
106 464 137 298
107 142 280 302
107 221 180 433
107 256 297 459
107 267 133 217
107 274 319 366
107 280 346 469
107 291 155 449
107 317 142 342
107 339 220 272
107 454 112 463
107 493 208 257
107 494 141 426
108 152 140 397
108 168 117 273
108 187 249 275
108 215 140 400
108 230 166 431
108 238 206 399
108 295 233 256
108 324 213 215
108 349 130 373
108 427 227 246
108 448 210 406
109 114 254 438
109 137 212 215
109 178 194 244
109 199 127 168
109 214 115 142
109 233 246 263
109 249 265 273
109 260 127 286
109 273 186 239
109 289 140 189
109 332 280 334
109 376 181 395
109 383 199 256
109 385 126 219
109 388 323 359
109 484 119 134
110 171 156 388
110 175 255 362
110 191 224 238
110 195 217 456
110 216 194 284
110 266 437 490
110 293 143 420
110 317 456 492
110 337 356 442
110 377 179 383
110 385 144 404
110 421 309 362
110 470 460 484
110 479 310 491
111 118 147 250
111 119 369 492
111 147 261 402
111 201 391 436
111 215 274 377
111 266 123 439
111 271 278 482
111 274 158 437
111 337 255 320
111 345 206 472
111 372 274 400
111 382 262 311
111 456 214 470
111 456 318 480
111 470 161 494
111 484 159 292
112 129 211 256
112 142 175 281
112 161 362 472
112 165 304 333
112 271 332 481
112 304 268 327
112 311 390 451
112 318 294 323
112 321 444 446
112 328 150 207
112 389 378 470
112 392 171 328
112 456 202 319
112 484 240 304
112 490 122 443
112 495 125 323
113 184 116 153
113 211 402 413
113 236 205 285
113 247 123 205
113 261 129 323
113 350 182 227
113 406 175 254
113 409 321 340
113 479 129 476
114 124 152 485
114 130 284 292
114 164 456 498
114 165 340 455
114 180 139 421
114 196 115 374
114 204 350 395
114 206 205 297
114 256 189 252
114 256 274 413
114 281 406 493
114 351 286 345
114 368 381 457
114 423 147 202
115 134 277 418
115 168 264 419
115 176 220 338
115 190 342 429
115 242 275 419
115 285 319 360
115 361 356 471
115 395 178 205
115 412 202 482
115 421 153 365
115 446 215 335
116 131 412 483
116 170 242 298
116 179 437 451
116 204 310 456
116 264 371 447
116 267 292 465
116 275 171 457
116 299 161 198
116 300 379 414
116 318 202 370
116 343 385 395
116 370 142 213
116 396 175 260
116 398 215 470
116 410 121 475
116 425 359 494
116 435 281 318
117 181 224 385
117 279 150 461
117 293 248 470
117 302 158 271
117 329 201 336
117 330 140 227
117 332 181 309
117 345 235 398
117 376 141 158
117 426 233 315
117 436 355 463
117 499 272 331
118 164 134 447
118 199 209 467
118 224 197 297
118 299 233 414
118 323 375 417
118 327 289 471
118 339 370 381
118 374 338 392
118 376 403 404
118 387 169 171
118 422 221 371
118 487 200 320
119 160 157 451
119 184 348 425
119 187 334 361
119 261 289 361
119 263 257 399
119 291 352 409
119 297 302 385
119 299 168 312
119 309 388 435
119 482 273 435
119 485 336 343
120 133 367 437
120 140 156 465
120 174 390 448
120 274 131 346
120 331 303 448
120 354 170 435
120 374 350 486
120 392 193 407
120 417 142 147
120 425 273 402
120 446 124 460
120 452 384 480
120 484 303 437
121 140 158 359
121 149 225 447
121 159 142 313
121 162 191 374
121 164 239 429
121 203 341 392
121 230 276 286
121 286 297 366
121 287 198 282
121 296 298 412
121 330 394 491
121 384 203 474
121 452 144 359
121 486 402 453
121 490 132 300
122 135 200 300
122 192 290 315
122 208 379 412
122 301 139 316
122 327 130 227
122 410 439 456
122 441 125 198
122 462 366 428
123 139 433 492
123 141 182 205
123 183 323 336
123 186 302 419
123 236 247 285
123 247 211 234
123 260 198 332
123 300 237 430
123 311 127 332
123 345 150 465
123 350 461 498
123 386 211 217
123 400 127 367
123 433 147 402
124 282 279 412
124 339 261 472
124 378 336 363
124 393 324 341
124 456 157 355
124 494 332 483
125 151 373 442
125 200 139 398
125 205 155 376
125 223 149 205
125 240 250 268
125 251 155 347
125 318 294 495
125 403 217 425
126 146 341 369
126 443 265 399
126 492 357 374
127 173 374 396
127 180 376 393
127 260 198 311
127 291 395 474
127 329 170 315
127 343 256 286
127 351 245 328
127 400 284 485
127 407 147 386
127 473 201 292
127 482 190 424
128 129 413 464
128 189 250 274
128 197 185 280
128 224 398 461
128 227 256 381
128 242 350 453
128 301 204 325
128 321 178 435
128 358 181 234
128 395 228 276
128 413 250 252
129 132 226 388
129 147 273 474
129 151 238 248
129 154 382 409
129 159 178 244
129 166 150 389
129 210 160 176
129 211 205 316
129 225 150 316
129 250 168 264
129 291 299 390
129 363 266 492
129 389 407 451
129 455 195 333
129 468 214 382
130 147 264 294
130 167 161 490
130 210 161 484
130 276 215 355
130 278 256 294
130 321 163 293
130 376 373 432
130 427 190 290
130 427 216 267
130 489 157 359
130 496 424 442
131 145 222 456
131 251 161 192
131 307 323 453
131 308 268 322
131 368 146 154
131 379 309 317
131 458 179 448
132 176 198 343
132 176 211 266
132 182 210 394
132 189 152 406
132 242 356 383
132 261 191 434
132 269 387 476
132 273 351 449
132 283 335 349
132 284 143 382
132 321 180 187
132 394 357 407
132 430 135 250
132 453 397 433
133 196 179 470
133 210 228 428
133 265 345 395
133 303 367 484
133 313 194 232
133 379 468 496
133 476 429 486
134 154 238 392
134 158 168 308
134 172 205 394
134 184 139 298
134 215 297 457
134 231 143 258
134 282 237 340
134 295 172 456
134 295 177 472
134 307 152 212
134 334 203 391
134 346 187 209
134 408 284 454
134 434 177 355
134 470 238 333
134 472 215 341
135 199 438 474
135 224 184 433
135 247 298 466
135 282 220 360
135 301 252 320
135 323 242 433
135 328 228 312
135 346 144 401
135 358 230 415
135 362 201 247
135 423 136 393
135 428 242 333
136 169 320 386
136 181 275 461
136 181 316 368
136 186 229 293
136 191 353 484
136 193 140 460
136 206 358 387
136 241 306 326
136 318 199 382
136 383 306 320
136 388 199 230
136 390 289 375
136 422 137 180
136 438 169 452
136 454 417 453
137 160 242 305
137 165 200 352
137 193 250 273
137 250 162 386
137 265 206 370
137 280 165 322
137 340 369 394
137 450 149 286
137 458 309 369
137 498 332 338
138 229 315 394
138 247 209 277
138 291 237 356
138 327 303 480
138 374 260 281
138 394 145 278
138 409 144 161
138 427 424 432
138 457 145 402
138 465 278 452
138 470 382 498
138 485 314 423
139 190 182 379
139 224 245 471
139 229 374 383
139 230 317 491
139 235 388 391
139 239 343 374
139 291 283 407
139 294 263 281
139 384 256 339
139 396 214 499
139 470 198 302
140 144 158 452
140 147 439 494
140 206 213 437
140 231 397 475
140 247 288 371
140 327 219 247
140 327 305 309
140 327 449 489
140 394 375 382
140 402 184 302
140 469 228 308
140 482 333 397
141 154 186 244
141 173 185 241
141 173 278 311
141 302 271 376
141 435 163 297
141 474 266 413
141 478 402 421
142 151 158 327
142 153 161 402
142 158 431 489
142 242 186 250
142 247 344 422
142 265 247 437
142 301 150 216
142 324 299 423
142 326 206 305
142 346 282 488
142 392 160 387
142 431 189 392
142 484 306 426
143 152 345 430
143 202 174 180
143 211 324 345
143 237 294 477
143 242 224 398
143 269 161 454
143 279 309 380
143 294 191 235
143 294 259 464
143 413 194 449
143 421 252 315
143 434 156 342
143 440 394 410
143 455 339 410
144 151 318 423
144 159 182 464
144 170 288 379
144 196 188 465
144 219 291 399
144 221 209 280
144 228 264 344
144 259 305 427
144 311 224 365
144 352 319 411
144 362 154 482
144 447 227 423
144 471 364 418
145 161 322 485
145 190 226 469
145 435 218 453
145 440 261 361
145 465 394 452
145 499 191 263
146 156 177 486
146 198 407 492
146 233 212 234
146 293 204 359
146 311 333 334
146 375 192 302
146 382 320 460
146 400 234 388
146 453 269 496
146 466 212 249
146 475 208 239
146 487 176 235
147 148 247 411
147 223 382 492
147 256 264 278
147 275 167 266
147 283 377 400
147 314 224 361
147 369 200 219
147 392 181 266
147 446 178 452
148 250 320 377
148 294 346 374
148 452 198 238
149 152 193 199
149 154 363 421
149 201 282 320
149 279 267 341
149 313 271 370
149 360 358 396
149 406 259 305
149 412 380 471
149 419 256 395
149 449 252 388
149 475 210 412
150 211 205 225
150 266 271 316
150 355 268 391
150 363 309 496
150 401 397 484
150 452 262 277
151 179 281 425
151 196 313 383
151 209 406 417
151 211 175 263
151 227 318 447
151 234 162 335
151 322 219 387
151 325 356 464
152 225 180 448
152 284 167 333
152 296 283 359
152 324 211 430
152 350 160 185
152 352 282 401
152 361 155 200
152 365 244 374
152 400 215 397
152 409 283 371
153 168 343 428
153 239 346 443
153 259 285 364
153 280 302 404
153 296 178 443
153 364 268 335
153 376 194 242
153 401 233 273
153 409 345 470
153 411 209 495
153 445 424 477
154 204 183 375
154 214 409 468
154 297 339 423
154 333 392 470
154 349 272 359
154 404 168 414
154 409 239 330
154 435 258 439
155 158 407 450
155 165 175 384
155 173 180 223
155 191 157 423
155 204 249 277
155 272 335 399
155 378 326 442
155 407 318 419
155 418 195 437
155 463 209 231
156 240 359 426
156 246 166 451
156 291 317 333
156 372 387 388
156 373 180 385
156 434 276 389
157 181 238 453
157 197 166 406
157 219 273 301
157 221 277 308
157 247 204 425
157 250 192 230
157 292 165 442
157 316 383 452
157 325 199 424
157 353 348 469
157 396 319 350
157 424 345 349
157 479 167 246
158 208 248 364
158 212 266 348
158 344 245 268
158 384 261 290
158 398 449 484
158 440 466 467
158 457 232 391
158 466 284 491
158 490 197 411
159 217 207 286
159 246 268 294
159 269 173 287
159 302 210 309
159 302 247 495
159 346 238 349
159 367 223 429
159 415 215 225
160 169 166 316
160 169 225 389
160 222 234 383
160 231 249 420
160 250 302 440
160 258 273 481
160 330 207 318
160 333 189 314
160 338 260 497
160 376 310 398
160 430 447 484
160 447 174 476
160 451 223 453
160 466 221 465
160 472 328 469
160 475 330 380
160 491 258 464
161 201 181 424
161 205 274 492
161 218 355 404
161 218 402 488
161 257 209 344
161 282 420 427
161 287 278 405
161 328 395 448
161 347 212 460
161 350 429 436
161 369 252 338
161 427 394 444
162 184 248 326
162 219 221 229
162 305 227 393
162 310 229 285
162 318 230 466
162 361 247 491
162 420 206 434
162 457 245 246
163 202 340 419
163 260 188 335
163 300 247 298
163 313 337 446
163 322 177 304
163 327 428 492
163 386 176 283
163 406 367 423
163 407 165 190
163 414 208 449
163 467 465 478
164 173 338 462
164 211 265 397
164 242 228 238
164 256 341 416
164 305 196 432
164 361 206 377
164 461 302 398
165 240 333 484
165 244 181 422
165 296 279 488
165 302 410 448
165 305 240 426
165 349 174 348
165 356 219 473
165 375 392 486
165 423 307 383
165 432 181 277
165 448 306 410
165 490 232 316
166 173 239 423
166 246 276 344
166 251 371 441
166 268 205 476
166 280 193 324
166 289 225 487
166 303 180 211
166 315 172 338
166 316 225 389
166 318 369 416
166 374 245 489
167 233 232 461
167 237 191 489
167 321 356 481
167 343 309 399
167 392 181 275
167 484 210 490
168 236 353 367
168 244 268 463
168 260 199 286
168 275 242 264
168 337 176 291
168 438 313 323
169 283 452 478
169 306 383 386
169 346 230 289
169 462 247 447
169 462 360 412
169 479 430 468
170 202 377 468
170 211 185 267
170 281 233 459
170 286 399 456
170 335 345 355
170 365 414 422
170 384 278 316
170 397 377 396
170 460 229 427
170 481 445 460
170 499 449 467
171 177 233 407
171 225 253 390
171 242 243 438
171 252 263 347
171 295 219 370
171 310 474 480
171 404 324 333
171 446 200 304
172 179 192 402
172 219 363 470
172 221 183 196
172 359 238 343
172 456 177 472
172 489 207 210
173 189 216 378
173 252 283 439
173 267 350 380
173 295 412 466
173 476 215 238
174 181 323 464
174 183 195 465
174 211 273 299
174 225 238 252
174 250 190 272
174 303 331 390
174 339 242 473
174 357 276 327
174 443 326 345
174 455 230 316
175 179 190 364
175 199 190 421
175 219 249 433
175 251 187 394
175 309 255 421
175 331 237 473
175 448 228 246
176 219 205 325
176 257 272 355
176 261 270 315
176 416 185 364
176 426 284 421
176 456 225 431
177 220 281 392
177 225 192 392
177 227 393 398
177 247 329 398
177 279 304 425
177 360 326 386
177 423 253 285
177 479 266 330
177 485 188 442
178 198 253 351
178 222 343 380
178 239 296 346
178 262 285 475
178 324 340 403
178 447 469 470
179 214 268 285
179 421 199 364
179 434 311 442
179 436 187 360
179 465 327 486
180 213 260 398
180 263 370 461
180 325 418 456
180 359 329 453
180 383 271 313
181 195 293 487
181 291 284 363
181 357 333 493
181 423 260 493
181 447 218 421
181 498 246 456
182 197 255 308
182 222 291 450
182 232 314 410
182 413 235 380
182 430 284 448
182 479 371 446
183 204 346 450
183 235 234 399
183 244 217 436
183 403 333 348
183 459 355 496
183 483 240 363
183 484 337 478
183 494 273 360
184 236 195 405
184 240 307 361
184 310 223 440
184 323 224 242
185 190 434 470
185 241 278 311
185 263 270 411
185 279 239 384
185 435 330 479
185 447 275 396
185 465 274 447
186 216 464 492
186 259 477 495
186 296 189 441
186 327 383 460
186 349 332 350
186 353 295 418
186 419 251 282
186 449 233 458
186 479 389 465
187 192 204 319
187 229 277 352
187 240 336 376
187 289 261 334
187 315 416 453
187 478 362 377
187 479 193 464
188 279 266 277
188 334 336 433
188 363 448 463
188 377 262 434
188 460 198 472
188 469 379 452
189 195 261 421
189 252 274 413
189 256 225 292
189 339 312 421
189 363 361 416
190 240 267 313
190 285 234 276
190 290 216 267
190 309 199 255
190 324 245 377
190 335 332 442
190 419 259 309
190 479 365 489
191 235 259 464
191 283 345 370
191 401 243 272
191 485 273 349
192 220 225 281
192 233 454 465
192 289 405 453
192 297 337 443
192 356 196 210
192 466 218 428
192 490 200 249
193 201 245 265
193 206 450 458
193 348 217 235
193 361 238 319
193 438 222 252
193 451 202 442
193 482 205 481
194 245 314 326
194 293 231 453
194 439 213 486
194 484 204 447
195 312 261 339
195 438 337 430
195 492 217 317
196 269 347 484
196 278 235 301
196 375 447 482
196 378 419 491
197 198 322 366
197 223 242 326
197 261 233 365
197 320 221 263
198 343 211 266
198 393 264 389
198 481 302 346
199 252 248 265
199 263 297 389
199 319 350 358
199 390 257 302
199 429 280 420
200 214 308 388
200 220 303 399
200 323 210 320
200 498 400 406
201 259 380 490
201 296 404 467
201 393 430 479
202 281 255 316
202 395 341 484
202 396 397 468
202 463 431 453
202 468 301 353
202 470 315 435
202 496 225 323
203 359 273 394
204 285 409 442
204 300 262 342
204 372 227 412
204 400 362 429
204 426 241 264
205 208 267 302
205 248 233 301
205 294 340 400
205 300 212 475
205 334 397 444
205 347 251 376
205 466 321 463
205 480 238 267
206 222 208 475
206 263 232 383
206 297 394 470
206 386 246 313
206 436 260 486
207 287 285 460
207 319 258 477
207 466 236 412
207 490 291 337
208 225 323 441
208 238 302 480
208 348 229 376
208 386 314 400
208 430 249 270
209 245 373 387
209 276 381 384
209 375 276 426
209 423 293 365
209 472 350 409
210 217 427 438
210 219 305 495
210 247 433 481
210 257 436 476
210 309 247 495
210 359 231 331
210 430 378 454
210 435 334 440
210 440 245 444
210 473 247 433
211 284 294 349
211 295 216 271
211 340 295 400
211 352 241 439
211 375 244 444
211 393 243 376
211 466 248 483
211 490 426 449
212 351 250 397
212 375 313 448
212 377 306 473
212 400 233 388
212 413 253 446
212 441 391 493
212 470 227 257
213 269 227 463
213 413 257 293
213 427 272 390
213 462 340 426
214 276 297 495
214 406 414 482
214 414 221 415
214 425 293 375
214 470 318 480
215 222 219 287
215 222 323 342
215 253 216 289
215 259 240 271
215 260 434 491
215 269 419 490
215 331 325 405
215 400 372 377
215 405 225 226
215 413 268 466
215 435 289 498
216 219 226 475
216 231 271 438
216 240 290 313
216 326 264 404
216 435 253 498
216 452 350 447
216 470 349 388
216 477 293 304
217 247 234 386
217 326 226 375
217 380 332 495
217 405 234 414
217 461 401 402
217 467 471 488
217 489 238 287
218 236 229 414
218 243 284 479
218 344 414 462
219 247 305 309
219 247 449 489
219 253 261 438
219 285 221 310
219 287 323 342
219 293 260 334
220 236 262 391
220 339 248 285
220 351 285 295
220 355 249 308
220 433 226 394
221 267 329 413
221 326 243 478
221 389 264 325
222 247 268 276
222 292 278 361
222 355 290 376
222 484 335 414
223 258 278 465
223 272 433 483
223 312 230 285
223 347 279 368
223 377 278 469
224 269 391 410
224 316 292 473
224 326 386 458
224 405 303 413
225 269 488 497
225 358 237 271
225 373 258 474
225 420 246 493
226 244 290 325
226 461 408 457
226 462 271 298
226 493 260 459
227 288 235 374
227 329 247 393
227 398 261 351
227 425 302 322
227 441 283 343
227 466 307 355
228 307 296 399
228 397 321 484
228 421 347 363
228 467 286 321
228 476 390 477
228 487 354 375
229 288 259 311
229 324 240 370
229 330 322 429
229 343 239 383
229 344 236 462
229 408 264 434
229 420 329 489
229 475 432 468
230 294 470 479
230 307 280 353
230 318 382 388
230 351 294 483
230 362 251 467
230 472 370 442
231 233 310 366
231 261 364 487
231 333 475 482
231 365 300 462
231 404 450 484
231 479 422 495
232 235 329 440
232 258 436 446
232 279 348 364
232 312 373 379
232 379 339 368
232 442 304 349
233 249 234 466
233 345 239 376
233 429 353 395
233 446 372 480
233 491 305 439
234 253 447 494
234 297 246 343
234 451 409 412
235 254 282 297
235 394 435 469
235 429 456 497
236 351 281 421
236 386 308 394
237 254 280 472
237 266 285 393
237 276 337 344
237 285 301 465
238 476 265 478
239 240 280 440
239 285 335 449
239 293 392 493
239 432 438 496
240 321 255 330
240 399 315 379
241 320 326 383
242 344 405 476
242 441 361 364
243 267 327 372
243 341 312 446
243 387 266 417
243 388 440 468
244 264 338 396
244 277 422 432
244 278 441 455
244 358 367 466
244 359 266 317
244 472 454 477
245 397 293 299
245 476 313 332
246 253 332 474
246 406 331 443
246 461 432 436
247 296 421 486
247 343 291 391
247 361 286 443
247 414 386 405
247 438 367 431
247 447 360 412
247 451 273 359
248 304 280 447
248 351 295 339
248 380 345 490
248 409 348 478
248 445 288 417
249 326 346 481
249 399 278 299
249 489 402 442
249 490 286 432
250 317 251 337
250 399 339 451
250 454 254 289
250 466 376 417
251 301 376 435
251 304 258 435
251 330 257 323
251 381 318 467
251 460 450 457
251 466 276 422
252 289 469 474
252 383 359 429
252 428 326 341
252 435 406 419
253 388 366 424
254 281 336 471
254 284 311 347
254 415 285 425
254 446 291 489
254 491 339 343
256 262 364 379
256 487 305 359
257 279 258 276
257 362 398 447
257 440 342 461
257 466 320 425
258 264 322 341
258 301 304 376
258 469 377 465
259 300 293 404
259 371 366 367
260 357 333 423
260 476 272 288
260 481 284 296
261 360 463 475
261 476 323 479
262 291 472 479
262 360 372 457
262 363 368 395
262 407 336 431
263 323 269 349
263 479 368 487
264 352 339 494
264 353 308 434
264 468 280 417
265 312 283 393
265 323 273 486
265 408 362 372
267 359 274 277
268 305 309 336
269 291 321 418
269 295 312 498
269 336 325 481
269 390 271 312
271 295 390 498
271 360 287 398
271 474 293 435
271 488 292 400
272 328 437 466
272 361 307 352
272 380 290 292
272 463 331 408
273 296 295 302
273 309 388 482
275 348 365 393
275 348 396 490
275 362 297 453
275 458 313 413
275 461 316 368
277 349 312 496
277 473 282 313
278 441 395 498
278 457 394 402
279 359 301 334
279 438 396 497
280 346 381 472
280 490 293 369
283 379 363 424
284 456 387 415
285 326 286 444
285 388 331 364
285 432 341 391
286 397 467 484
286 407 353 479
286 409 319 408
286 446 383 421
287 352 462 491
287 402 347 496
288 293 317 330
288 381 426 479
288 445 301 453
288 468 340 392
288 469 393 450
288 473 312 391
289 389 316 487
290 297 365 448
290 399 381 448
290 404 419 433
290 436 292 338
290 463 378 474
290 471 318 462
291 334 384 427
292 333 295 393
293 423 417 482
295 323 304 347
295 355 434 472
295 446 470 497
295 449 394 438
296 371 359 409
297 381 365 399
297 470 301 379
298 451 370 405
299 337 396 422
299 383 305 394
299 436 329 491
300 377 322 494
301 336 352 429
303 380 429 470
304 430 314 433
305 309 449 489
305 481 328 333
307 345 373 395
307 418 371 464
307 420 405 461
308 317 346 449
309 340 394 458
309 354 338 470
309 388 396 428
309 433 473 495
310 455 317 421
311 367 332 400
312 376 350 384
314 408 445 491
314 489 429 493
316 371 372 466
316 443 409 425
317 323 437 454
317 352 369 432
318 333 439 485
318 427 343 383
318 476 348 402
319 325 461 494
320 485 362 474
323 333 428 433
323 467 328 401
324 412 325 357
327 350 340 478
327 350 346 482
327 466 350 458
328 381 333 336
328 388 420 480
330 359 369 376
331 437 448 484
331 446 419 434
332 454 351 372
335 433 386 450
336 389 361 371
337 497 437 456
339 440 394 455
339 485 401 465
340 478 346 482
341 419 429 441
342 384 350 377
342 442 409 476
344 366 364 401
345 406 375 397
347 364 351 476
347 462 364 391
350 366 360 499
355 404 402 488
356 378 414 478
356 423 451 466
357 485 376 446
359 484 373 405
360 449 455 478
363 466 388 484
365 393 396 490
365 434 418 454
366 378 400 407
367 461 391 448
369 446 387 459
370 451 392 404
371 423 463 469
371 449 410 464
375 388 434 462
391 498 451 486
397 431 434 461
403 459 414 437
416 430 425 461
420 471 435 465
424 489 458 470
432 462 444 472
433 460 440 476
464 469 483 490
