3271
0 80 233 470
0 218 393 824
0 255 128 184
0 299 115 911
0 348 220 912
0 421 3 895
0 474 500 599
0 484 605 645
0 496 799 863
0 643 305 876
0 705 223 304
0 749 757 779
0 834 492 949
0 870 196 621
0 907 311 619
1 7 157 422
1 51 274 730
1 65 542 938
1 266 438 709
1 272 430 762
1 298 116 935
1 319 621 809
1 474 794 986
1 499 90 852
1 556 476 807
1 725 58 868
1 836 667 898
1 935 177 823
2 188 569 793
2 194 543 850
2 209 138 352
2 216 69 405
2 273 196 501
2 428 350 604
2 519 540 850
2 663 32 940
2 681 366 639
2 741 193 310
2 929 491 878
2 932 169 179
2 983 204 287
3 84 616 961
3 123 867 950
3 239 284 473
3 339 503 555
3 355 385 948
3 417 573 749
3 425 38 673
3 490 792 911
3 555 737 889
3 603 439 841
3 631 263 652
3 661 222 468
3 688 229 709
3 738 110 805
3 910 216 253
4 63 558 960
4 80 295 444
4 186 206 385
4 228 507 517
4 355 110 763
4 511 403 853
4 519 157 587
4 536 233 574
4 552 659 665
4 571 269 868
4 572 307 587
4 590 162 192
4 786 382 944
4 843 436 811
4 965 96 184
5 173 236 747
5 189 520 880
5 283 854 886
5 415 180 426
5 433 285 722
5 690 39 444
5 711 250 947
5 785 95 961
5 811 192 550
6 36 502 814
6 46 469 875
6 96 209 336
6 97 165 558
6 106 277 380
6 109 585 745
6 171 228 407
6 203 94 660
6 332 192 528
6 365 305 581
6 373 122 255
6 398 162 320
6 431 500 744
6 469 530 852
6 490 146 374
6 710 661 944
6 751 460 462
6 799 200 923
7 97 616 977
7 132 80 147
7 205 291 293
7 341 185 734
7 503 766 816
7 603 129 377
7 725 375 649
7 874 849 860
8 99 507 965
8 196 466 746
8 208 585 639
8 249 88 193
8 335 532 986
8 428 457 593
8 718 639 989
8 792 212 926
8 843 237 895
9 39 405 576
9 310 518 816
9 359 441 911
9 498 311 776
9 577 629 896
9 701 90 928
9 725 235 321
9 726 171 389
9 730 368 501
9 811 255 619
9 830 679 758
9 965 166 174
9 978 26 262
9 989 619 967
10 84 33 138
10 381 560 964
10 467 297 790
10 539 781 786
10 560 262 506
10 670 632 685
10 760 185 630
10 809 125 299
10 866 560 978
11 113 94 490
11 311 12 739
11 315 412 855
11 400 438 702
11 404 191 302
11 442 40 592
11 507 625 948
11 508 262 361
11 517 463 502
11 734 497 542
11 739 168 389
11 895 147 910
11 915 277 639
11 925 26 935
11 966 623 880
12 89 112 755
12 120 753 892
12 197 146 313
12 211 648 974
12 262 309 401
12 266 115 921
12 541 377 528
12 655 159 928
12 728 625 841
12 732 241 905
12 737 969 996
12 771 355 787
12 809 46 417
12 906 577 677
12 943 234 873
12 989 391 636
13 14 650 990
13 26 659 831
13 154 118 285
13 164 468 859
13 280 362 663
13 323 474 985
13 419 83 192
13 869 174 897
13 911 291 859
13 977 41 498
14 28 360 767
14 65 336 959
14 110 351 663
14 277 831 922
14 310 245 525
14 419 609 909
14 546 532 930
14 555 507 724
14 585 223 811
14 707 715 902
14 861 338 716
15 59 469 622
15 109 250 295
15 177 714 979
15 230 610 763
15 363 484 516
15 424 434 604
15 564 84 715
15 692 237 583
15 703 169 695
15 742 366 572
15 781 394 605
15 883 359 879
16 248 413 866
16 250 437 793
16 447 815 939
16 611 29 393
16 618 338 993
16 672 709 980
16 798 324 415
17 207 102 233
17 281 378 714
17 335 225 255
17 396 304 832
17 449 451 903
17 451 596 722
17 463 248 859
17 487 534 830
17 596 309 422
17 904 302 380
17 908 237 579
18 40 30 663
18 110 422 843
18 199 618 687
18 299 159 171
18 299 184 612
18 333 210 671
18 368 557 898
18 394 637 778
18 441 420 433
18 596 250 399
18 633 89 901
18 639 231 793
18 776 509 801
18 784 651 682
18 802 660 976
18 887 545 707
18 893 358 624
19 97 596 926
19 121 478 915
19 196 309 591
19 257 202 592
19 437 388 674
19 509 244 872
19 662 187 435
19 736 180 923
19 743 220 563
20 21 42 319
20 36 32 773
20 140 905 946
20 145 149 813
20 192 194 561
20 274 276 400
20 303 41 217
20 303 77 848
20 306 411 525
20 374 152 438
20 380 159 639
20 417 297 975
20 633 60 112
20 760 529 782
20 880 71 166
21 156 268 948
21 703 234 855
21 795 453 871
21 912 207 373
21 930 635 847
21 968 868 927
22 57 419 572
22 139 636 649
22 187 204 420
22 234 75 271
22 286 114 979
22 384 524 735
22 485 258 661
22 512 197 474
22 609 57 906
22 780 376 760
22 867 101 449
22 995 442 735
23 128 525 536
23 201 419 483
23 279 114 248
23 409 71 660
23 432 564 589
23 493 413 844
23 545 33 338
23 597 178 895
23 723 748 991
23 765 99 798
23 805 262 610
23 843 342 826
23 880 83 779
23 931 91 497
23 944 727 818
24 160 635 716
24 162 265 430
24 441 143 921
24 508 360 930
24 548 401 615
24 593 180 483
24 615 296 487
24 664 51 815
24 919 145 658
24 932 70 593
25 93 231 929
25 137 323 975
25 318 140 591
25 430 172 593
25 539 366 910
25 583 134 961
25 674 55 740
25 686 503 526
25 905 433 827
25 970 606 825
26 120 812 814
26 176 149 746
26 176 155 327
26 306 762 884
26 356 351 794
26 408 97 282
26 590 638 966
26 605 215 934
26 693 295 851
26 720 142 662
26 723 708 909
26 732 415 932
26 803 360 470
26 839 167 965
26 841 281 814
26 847 521 721
26 903 439 776
26 979 573 761
27 30 389 415
27 58 99 389
27 81 190 468
27 261 86 370
27 286 216 921
27 322 198 923
27 341 639 893
27 486 85 893
27 559 168 532
27 595 280 470
27 613 619 883
27 620 633 778
27 819 821 832
27 911 59 306
28 52 335 636
28 189 605 754
28 225 228 313
28 233 65 656
28 254 271 377
28 286 121 931
28 314 119 568
28 341 663 781
28 425 390 899
28 468 783 797
28 698 278 747
28 762 699 951
28 941 188 331
28 998 577 779
29 39 57 828
29 45 31 37
29 104 781 958
29 153 119 320
29 244 35 793
29 298 42 495
29 299 402 919
29 428 224 326
29 470 630 640
29 505 83 437
29 597 703 824
29 605 946 978
29 640 547 827
29 646 325 641
29 659 233 427
29 683 855 997
29 928 114 498
29 931 579 955
29 957 137 251
30 68 519 899
30 87 154 928
30 99 58 415
30 116 637 894
30 191 56 812
30 236 406 805
30 335 134 488
30 363 133 412
30 391 282 727
30 428 288 343
30 481 105 733
30 634 786 966
30 642 70 94
30 778 361 861
30 839 697 951
30 954 36 248
31 56 96 162
31 160 200 707
31 161 251 321
31 168 487 707
31 215 97 572
31 243 256 713
31 316 157 996
31 342 64 126
31 344 390 727
31 379 438 701
31 424 258 917
31 606 350 916
31 697 240 898
31 871 555 841
31 914 514 742
31 923 237 530
31 932 127 192
31 948 399 431
31 983 198 820
32 67 817 933
32 426 338 788
32 442 482 577
32 488 466 861
32 495 475 764
32 618 613 924
32 673 144 396
32 718 181 405
32 733 557 600
32 783 288 317
32 943 175 946
32 976 83 361
33 157 248 812
33 167 624 974
33 346 573 785
33 360 366 599
33 470 62 899
33 524 541 841
33 527 95 856
33 550 543 823
33 582 388 875
33 611 429 660
33 747 637 837
33 764 340 634
33 995 85 645
34 154 395 857
34 184 802 988
34 327 192 333
34 391 497 830
34 473 253 628
34 534 651 668
34 565 246 933
34 641 121 592
34 698 147 706
34 894 141 631
34 941 302 994
35 172 205 986
35 174 367 726
35 271 161 685
35 318 105 208
35 340 36 343
35 495 176 794
35 511 52 208
35 513 564 870
35 584 99 405
35 657 49 246
35 703 735 861
35 787 67 743
35 879 582 741
35 979 957 981
36 379 146 815
36 390 689 986
36 436 330 871
36 451 50 255
36 589 322 783
36 598 169 365
36 617 387 647
36 637 472 602
36 718 231 970
36 799 445 944
36 849 71 904
36 866 407 419
36 904 114 942
36 958 484 609
37 85 444 892
37 183 355 747
37 194 330 586
37 230 43 696
37 343 84 648
37 361 671 772
37 416 246 497
37 607 93 303
37 620 116 194
37 718 324 487
37 739 214 913
37 789 427 720
37 929 570 624
38 46 562 934
38 120 862 945
38 189 114 809
38 203 226 848
38 228 898 992
38 241 106 267
38 283 717 928
38 328 649 751
38 337 501 919
38 385 57 706
38 398 326 687
38 405 50 465
38 525 216 433
38 593 151 607
38 677 625 738
38 700 888 956
38 726 301 703
38 810 120 531
39 62 294 587
39 103 433 609
39 142 358 515
39 148 492 529
39 169 155 338
39 352 423 509
39 353 92 142
39 361 340 536
39 454 394 633
39 515 457 753
39 543 139 487
39 768 223 759
39 910 289 600
39 927 567 581
40 191 463 722
40 227 642 986
40 268 247 595
40 276 498 995
40 295 332 521
40 302 112 582
40 308 393 995
40 333 255 413
40 376 304 901
40 384 228 522
40 438 287 833
40 513 284 964
40 598 227 725
40 611 443 547
40 641 215 539
40 652 470 654
40 703 123 751
40 998 674 701
41 51 362 873
41 159 455 786
41 217 77 848
41 250 709 976
41 374 295 548
41 478 410 516
41 494 531 916
41 632 161 728
41 703 165 932
41 980 296 651
41 994 143 965
42 127 118 220
42 217 211 526
42 222 468 473
42 248 887 960
42 253 145 630
42 255 87 940
42 330 297 871
42 342 100 545
42 507 449 934
42 590 377 649
42 676 265 354
42 769 412 430
42 775 721 970
42 935 182 943
43 144 168 415
43 279 63 530
43 304 249 367
43 376 615 948
43 417 579 896
43 514 517 944
43 649 62 971
43 933 234 921
43 952 151 992
44 51 139 591
44 103 194 526
44 122 593 748
44 133 278 543
44 196 504 864
44 233 447 905
44 272 467 606
44 312 764 874
44 344 144 472
44 404 199 385
44 426 88 440
44 479 288 361
44 501 267 924
44 550 702 854
44 600 328 634
44 630 505 581
44 794 61 679
44 890 175 811
44 900 138 470
44 978 434 838
45 279 59 477
45 460 131 225
45 541 341 417
45 650 632 725
45 820 431 982
45 882 91 876
45 914 131 186
45 991 592 799
46 98 656 732
46 100 228 711
46 149 593 949
46 163 97 337
46 249 154 960
46 460 64 877
46 620 149 283
46 711 796 930
46 893 165 723
46 928 490 801
46 959 485 489
47 87 348 734
47 132 141 181
47 310 412 738
47 310 556 954
47 443 224 778
47 493 241 843
47 556 497 803
47 616 415 426
47 726 219 278
47 798 450 544
47 801 703 911
47 838 504 723
47 867 531 881
47 992 579 831
48 189 200 362
48 316 567 667
48 354 651 753
48 415 553 564
48 587 719 734
48 660 368 989
48 669 793 810
48 670 155 989
48 902 245 528
48 986 72 498
48 987 284 663
49 58 249 583
49 126 321 459
49 221 674 950
49 232 74 432
49 257 250 452
49 317 891 921
49 413 220 325
49 524 676 975
49 579 446 828
49 655 581 925
49 688 580 711
49 692 378 877
49 833 340 706
50 99 78 778
50 292 570 582
50 442 409 692
50 592 103 953
50 670 743 982
50 825 581 703
50 841 597 807
50 884 179 972
50 938 415 699
51 56 161 179
51 91 216 287
51 227 135 463
51 244 499 819
51 302 818 825
51 399 175 671
51 439 468 548
51 577 420 593
51 775 447 935
51 806 78 137
51 967 156 334
51 972 342 572
52 318 105 511
52 609 613 851
52 783 356 609
52 791 371 619
52 822 145 540
52 897 233 330
52 970 188 466
52 989 342 715
53 172 346 862
53 380 388 928
53 444 349 887
53 643 292 740
53 706 165 444
53 706 251 394
53 871 307 951
53 889 376 966
54 175 433 882
54 221 376 834
54 369 876 927
54 371 121 888
54 585 365 786
54 644 92 832
54 853 99 998
55 120 612 938
55 165 628 803
55 171 309 980
55 186 576 973
55 210 635 648
55 294 211 841
55 534 607 643
55 965 605 822
55 993 130 659
56 60 76 190
56 130 74 399
56 189 758 800
56 240 284 643
56 296 342 539
56 467 374 862
56 494 205 272
56 517 150 587
56 564 605 956
56 591 89 442
56 600 357 909
56 626 401 643
56 631 177 988
56 720 306 489
56 825 354 971
56 898 212 999
56 974 484 586
57 181 400 964
57 299 138 186
57 629 108 685
57 838 344 386
57 883 564 592
57 933 662 832
57 991 103 547
58 61 746 997
58 95 66 452
58 149 602 676
58 151 825 978
58 221 212 473
58 259 404 992
58 295 712 912
58 332 614 962
58 390 231 976
58 527 666 963
58 562 474 910
58 759 760 994
58 803 62 102
58 854 103 655
59 129 386 402
59 187 512 899
59 368 102 752
59 387 358 807
59 539 616 652
59 669 442 851
59 847 335 633
60 154 402 657
60 237 800 823
60 374 658 793
60 427 62 738
60 551 755 993
60 591 367 911
60 624 126 758
60 663 853 894
60 768 440 694
60 840 149 684
60 840 369 494
60 979 154 976
61 74 100 228
61 109 728 872
61 198 96 154
61 402 327 340
61 550 68 360
61 959 65 336
62 281 506 860
62 288 73 990
62 385 777 928
62 422 503 945
62 443 359 586
62 463 790 921
62 561 406 741
62 651 446 779
62 686 679 950
62 745 704 956
62 867 869 932
63 197 100 629
63 197 455 515
63 262 365 865
64 113 87 565
64 142 818 866
64 151 318 873
64 244 254 519
64 282 929 950
64 665 157 844
64 826 333 710
64 908 144 292
65 143 369 989
65 185 295 875
65 325 323 465
65 350 379 533
65 391 607 720
65 466 608 751
65 610 165 837
65 887 441 819
65 961 175 644
65 976 560 893
66 76 693 705
66 90 717 921
66 96 691 806
66 115 244 383
66 202 201 521
66 229 163 494
66 333 263 365
66 659 607 649
66 665 717 770
66 703 109 646
66 703 552 650
66 756 252 618
66 796 574 605
66 848 333 875
66 931 323 857
66 956 93 806
67 279 982 991
67 281 127 760
67 390 448 685
67 574 161 212
67 754 611 638
68 86 298 635
68 142 381 849
68 211 308 324
68 575 497 857
68 612 69 231
68 634 267 630
68 700 146 668
68 709 309 532
68 842 366 684
68 981 117 876
69 76 749 825
69 152 777 920
69 155 667 991
69 173 155 797
69 304 149 628
69 313 623 940
69 352 397 687
69 395 221 429
69 560 803 832
69 683 128 868
69 688 256 383
69 807 432 717
69 911 86 833
70 176 188 365
70 231 543 921
70 273 576 581
70 342 189 700
70 392 169 581
70 545 99 804
70 615 412 536
70 661 164 822
70 843 135 842
70 916 297 437
70 996 520 868
71 138 97 891
71 203 171 910
71 206 579 969
71 295 292 586
71 313 82 564
71 352 139 221
71 474 673 995
71 484 372 708
71 489 149 436
71 562 411 607
71 570 845 973
71 768 163 915
72 186 319 546
72 214 342 611
72 235 444 861
72 345 104 808
72 352 290 358
72 352 652 720
72 372 527 996
72 594 669 682
72 836 267 721
72 911 703 816
72 958 501 631
72 967 453 954
72 989 168 500
73 181 331 896
73 248 126 333
73 254 541 688
73 285 242 366
73 341 89 799
73 399 462 972
73 579 414 602
73 835 171 609
73 872 249 942
73 898 115 547
74 86 360 430
74 249 288 478
74 303 533 802
74 322 299 659
74 493 109 714
74 912 867 882
75 365 363 837
75 557 453 928
75 690 435 479
75 725 517 833
75 737 292 787
75 790 172 639
75 803 923 946
75 841 433 786
75 842 915 986
75 998 618 802
76 129 161 581
76 529 117 273
76 615 112 616
76 694 168 309
76 779 158 975
76 857 256 729
76 935 372 484
76 988 408 983
77 85 954 955
77 94 460 948
77 97 716 895
77 218 316 709
77 246 417 487
77 268 146 940
77 694 102 868
77 709 377 964
77 723 110 537
77 765 424 893
78 101 353 821
78 255 696 767
78 278 275 289
78 342 538 794
78 379 359 431
78 520 103 904
78 656 121 615
78 694 280 285
78 706 98 725
78 762 304 986
78 786 549 598
78 897 114 884
79 189 426 538
79 245 444 838
79 272 117 924
79 392 495 877
79 405 200 642
79 418 174 352
79 438 808 910
79 504 157 341
79 648 744 953
79 674 316 534
79 706 212 638
79 726 87 687
79 814 507 569
79 829 183 382
80 230 156 190
80 233 235 996
80 311 788 811
80 387 458 779
80 466 546 830
80 515 223 381
80 588 459 849
80 764 451 992
80 815 805 979
80 865 356 661
80 986 436 748
81 341 683 944
81 443 163 673
81 475 178 470
81 952 550 824
82 119 86 303
82 153 141 343
82 239 237 843
82 267 439 792
82 287 762 771
82 413 310 334
82 425 243 935
82 425 373 721
82 498 425 706
82 555 567 695
82 824 789 949
82 909 95 933
82 918 148 335
82 973 225 789
83 112 110 786
83 202 345 847
83 246 814 828
83 391 123 762
83 449 452 910
83 453 720 857
83 496 163 212
83 599 245 511
83 720 404 681
83 816 247 265
83 830 187 630
83 986 633 728
84 609 269 914
84 632 131 622
85 341 486 639
85 353 617 707
85 441 541 672
85 670 313 750
85 757 209 785
86 140 735 956
86 198 559 856
86 253 605 753
86 446 93 385
86 589 112 154
86 627 909 942
86 697 419 535
86 734 418 993
86 858 265 881
86 971 188 345
86 988 672 843
87 139 425 446
87 152 323 854
87 295 417 964
87 422 682 835
87 460 359 750
87 502 261 881
87 624 370 578
87 662 401 951
87 794 298 691
87 837 372 961
88 160 611 816
88 245 168 727
88 288 147 357
88 389 256 943
88 412 768 937
88 500 941 943
88 664 272 976
88 670 594 843
88 754 331 428
88 878 651 946
88 919 576 753
88 999 671 859
89 95 847 966
89 173 337 850
89 184 618 634
89 208 205 826
89 254 159 826
89 283 358 688
89 421 464 502
89 460 588 855
89 720 353 702
89 832 195 372
89 881 168 292
89 917 220 643
89 952 406 630
90 205 331 958
90 209 167 951
90 266 514 655
90 297 248 969
90 299 134 347
90 354 609 906
90 373 716 783
90 589 258 844
90 608 330 935
90 726 120 938
90 770 665 921
90 776 703 719
90 982 448 958
90 991 301 795
91 232 722 779
91 293 209 377
91 317 180 355
91 597 538 986
91 754 422 532
91 776 554 954
91 890 222 517
91 912 772 826
92 323 328 970
92 382 343 455
92 592 111 893
92 699 293 812
92 791 398 751
92 940 237 251
93 96 691 956
93 112 106 434
93 139 547 842
93 298 259 773
93 791 725 932
93 947 509 536
94 381 213 733
94 535 231 371
94 714 101 836
94 781 298 340
94 924 285 974
95 328 758 851
95 354 163 293
95 421 309 427
95 503 208 510
95 544 253 254
95 706 123 372
95 713 284 819
95 914 515 569
95 935 324 968
96 163 385 868
96 166 315 433
96 247 231 910
96 488 240 928
96 515 344 832
96 552 325 985
96 858 133 555
96 974 340 359
97 106 128 962
97 110 547 973
97 152 512 988
97 470 638 755
97 492 149 854
97 622 265 936
97 674 861 875
97 714 474 846
97 722 103 920
97 753 433 851
97 983 429 707
98 129 869 900
98 317 802 945
98 331 530 558
98 352 541 872
98 532 432 468
98 569 223 405
98 715 149 484
98 754 211 531
98 800 359 403
99 143 333 759
99 191 136 259
99 499 332 631
99 523 273 843
99 559 338 548
99 586 173 524
99 710 284 394
99 739 336 642
100 272 309 851
100 327 519 663
100 400 657 871
100 573 610 663
100 629 455 515
100 655 548 748
100 707 222 942
100 717 234 580
100 748 571 749
100 763 571 629
100 956 297 899
100 979 816 897
101 118 227 251
101 514 251 634
101 610 287 357
101 753 173 840
101 873 348 749
101 966 318 561
102 124 596 972
102 397 442 600
102 415 249 578
102 461 551 651
102 554 433 435
102 606 378 670
102 718 427 558
102 735 590 652
102 814 530 997
102 827 381 546
102 834 534 787
102 882 597 904
103 181 374 824
103 197 765 815
103 233 134 968
103 233 256 275
103 364 374 394
103 374 543 547
103 828 247 317
103 857 467 964
103 922 455 793
103 952 233 536
103 965 532 559
103 981 491 817
104 107 374 682
104 160 723 762
104 194 218 708
104 245 452 854
104 294 344 651
104 311 290 773
104 324 253 264
104 351 343 397
104 363 173 923
104 445 256 785
104 474 116 701
104 482 160 189
104 573 226 925
104 712 132 840
104 717 911 967
104 786 444 902
104 866 352 826
104 938 478 649
104 944 124 935
104 964 163 333
105 248 801 843
105 387 514 998
105 432 182 384
105 627 378 792
105 947 609 625
106 127 440 768
106 230 843 939
106 331 188 203
106 614 857 999
106 713 599 858
106 975 235 542
107 143 426 492
107 245 220 252
107 331 796 898
107 485 364 877
107 623 702 723
107 718 518 670
107 907 423 586
108 197 192 549
108 247 702 929
108 277 356 402
108 349 855 860
108 722 630 973
108 826 464 989
108 866 738 785
108 908 358 617
108 946 129 192
109 184 259 873
109 409 675 684
109 444 489 717
109 503 352 797
109 646 552 650
109 777 461 886
109 777 822 993
109 800 395 871
109 915 687 848
109 950 349 706
109 967 352 426
110 335 189 566
110 359 456 499
110 443 257 280
110 686 391 849
110 752 113 695
110 826 408 495
110 878 159 204
111 134 406 646
111 142 225 252
111 212 152 630
111 226 341 376
111 327 534 799
111 335 379 569
111 365 173 796
111 520 441 719
111 902 368 914
112 328 647 940
112 352 151 552
112 896 421 961
112 980 525 934
113 151 170 218
113 235 315 403
113 382 241 860
113 399 318 763
113 410 614 938
113 493 535 874
113 562 151 437
113 718 326 978
113 844 430 998
114 120 463 658
114 442 149 518
114 538 233 728
114 615 213 804
114 669 296 566
114 950 456 689
115 366 425 877
115 634 153 805
115 644 530 822
115 704 465 930
115 711 401 807
115 716 676 805
115 767 301 702
115 848 777 781
115 970 413 707
116 198 158 980
116 275 447 629
116 340 839 951
116 357 847 933
116 463 901 924
116 473 354 455
116 746 309 683
116 943 357 566
116 988 621 834
117 134 602 605
117 407 734 798
117 508 583 621
117 919 199 531
117 999 568 642
118 167 263 768
118 379 384 846
118 436 187 511
118 472 763 882
118 477 586 760
118 508 396 995
118 514 348 401
118 543 751 915
118 634 227 514
118 635 294 942
118 807 777 986
118 817 143 240
118 993 424 487
119 131 816 936
119 294 338 491
119 584 261 646
119 593 562 814
119 707 859 994
119 953 392 849
120 148 263 811
120 281 812 841
120 302 121 821
120 306 348 469
120 436 657 771
120 501 816 890
120 596 322 866
120 685 253 304
120 746 347 591
120 838 569 966
121 179 183 366
121 183 681 765
121 232 359 372
121 238 942 969
121 335 284 321
121 362 125 593
121 575 593 657
121 641 159 700
121 832 483 695
121 863 136 454
121 874 226 564
121 992 151 261
122 217 403 507
122 266 581 735
122 538 325 439
122 605 345 600
122 926 214 818
123 292 197 833
123 361 298 554
123 366 309 965
123 438 586 909
123 560 471 596
123 572 143 560
123 841 475 721
124 151 255 925
124 442 148 804
124 442 773 917
124 551 193 842
124 693 334 785
124 953 179 438
125 181 345 796
125 295 837 895
125 366 684 736
125 392 813 859
125 506 486 593
125 523 426 762
125 575 362 657
125 756 517 869
125 821 319 473
126 272 360 517
126 291 612 632
126 364 213 570
126 539 217 785
126 809 331 835
126 889 251 397
126 985 544 593
127 160 558 851
127 410 788 978
127 469 263 869
127 510 333 349
127 611 407 714
127 626 396 924
127 638 585 941
127 875 237 955
127 911 492 892
127 949 480 966
128 155 479 945
128 160 351 397
128 255 602 888
128 435 577 914
128 526 285 459
128 596 187 442
128 622 463 981
128 651 412 853
128 960 376 703
129 197 549 946
129 654 325 632
129 791 159 490
129 839 676 741
129 867 166 374
129 922 612 788
129 938 157 628
129 984 437 846
130 249 326 893
130 403 671 754
130 571 225 998
130 599 452 622
130 626 242 653
130 634 765 956
130 710 510 667
130 728 819 896
130 762 554 837
131 135 575 865
131 187 237 572
131 189 281 942
131 213 614 681
131 325 407 930
131 327 385 664
131 519 344 772
131 563 506 806
132 172 967 970
132 265 620 993
132 324 897 927
132 375 553 964
132 776 293 575
132 818 146 611
132 928 304 329
132 937 174 295
133 199 257 817
133 343 487 803
133 434 349 955
133 502 394 608
133 540 615 942
133 543 263 790
133 584 182 775
133 651 607 709
133 819 307 681
133 819 868 974
133 983 227 796
134 833 459 663
134 902 512 939
134 944 673 742
134 968 256 275
134 975 136 799
135 445 363 487
135 475 465 920
135 516 339 809
135 553 298 587
135 584 721 837
135 656 414 436
135 724 267 631
135 911 337 964
135 911 487 837
135 974 763 920
136 181 146 805
136 292 138 404
136 348 170 874
136 528 435 560
136 631 228 275
136 746 313 972
136 837 649 871
136 880 302 580
136 959 319 562
137 416 676 684
137 625 312 414
137 652 185 675
137 681 140 704
137 777 339 650
137 853 179 469
137 889 334 971
138 283 276 472
138 285 425 657
138 302 146 895
138 714 440 894
138 768 301 777
138 878 522 809
138 923 146 746
138 931 406 550
139 230 242 799
139 359 258 958
139 457 419 442
139 585 326 371
139 652 209 949
139 684 327 420
139 731 694 774
139 735 278 479
139 768 745 818
140 160 479 718
140 423 757 888
140 635 438 525
140 900 214 866
140 933 729 960
141 163 857 881
141 332 641 886
141 561 765 957
141 570 529 652
141 597 166 537
141 597 527 605
141 815 634 895
141 825 167 909
141 976 515 520
142 207 365 917
142 345 380 771
142 475 423 648
142 646 721 923
142 902 243 844
143 293 682 878
143 311 756 774
143 478 152 364
143 480 498 779
143 929 340 695
143 977 186 655
144 180 350 955
144 205 333 973
144 280 221 549
144 479 375 844
144 615 307 930
144 645 148 782
144 693 508 802
144 718 442 708
144 849 460 940
145 343 171 821
145 517 304 582
145 581 705 994
145 724 338 656
145 943 834 985
145 975 214 491
145 976 529 877
146 408 444 873
146 492 612 693
146 739 247 786
147 176 646 883
147 279 931 976
147 285 446 556
147 308 519 604
147 334 487 733
147 484 670 681
147 760 188 947
147 993 576 911
147 995 252 813
148 297 389 827
148 459 435 686
148 607 354 745
148 697 255 893
148 804 773 917
149 287 195 887
149 326 355 532
149 435 235 366
149 470 237 975
149 684 369 494
149 746 155 327
149 843 391 574
149 857 484 514
149 884 261 883
149 973 377 945
150 193 451 574
150 274 390 539
150 278 624 924
150 362 749 902
150 415 242 999
150 522 331 793
150 551 357 715
150 582 629 968
150 846 184 758
150 901 227 802
150 912 284 890
150 950 333 399
151 446 664 677
151 520 298 988
151 534 241 918
151 535 215 714
151 560 725 903
151 807 535 861
151 902 246 791
152 256 535 894
152 314 520 969
152 347 267 690
152 408 773 960
152 416 429 743
152 547 356 384
152 696 517 918
152 710 267 559
152 831 724 848
152 837 191 331
152 955 169 182
153 341 795 919
153 363 521 700
153 415 485 973
153 421 380 667
153 430 643 754
153 446 161 335
153 491 325 463
153 605 421 447
153 637 721 846
153 716 634 676
153 957 764 917
153 999 558 717
154 243 229 379
154 302 273 543
154 372 812 982
154 548 242 392
154 670 386 783
154 888 500 710
154 906 284 868
155 225 158 178
155 293 644 868
155 310 391 748
155 341 338 452
155 473 213 801
155 539 611 656
155 603 628 646
155 660 368 670
155 922 394 985
155 971 577 913
156 193 420 970
156 197 661 781
156 406 664 988
156 473 369 728
156 742 511 557
156 892 390 623
157 535 554 600
157 572 307 519
157 576 528 698
157 577 298 945
157 586 547 658
157 693 398 467
157 713 411 814
157 726 314 962
157 786 308 951
157 808 205 287
157 821 158 287
157 925 325 494
158 200 497 654
158 293 739 901
158 434 929 993
158 548 576 637
158 651 173 768
158 713 581 669
158 808 205 821
158 835 496 612
158 955 735 963
158 979 403 780
159 171 184 612
159 182 536 710
159 191 329 746
159 208 205 254
159 310 443 708
159 417 248 388
159 436 693 880
159 706 248 320
159 723 953 997
159 735 690 789
159 829 624 645
159 915 175 332
160 395 466 624
160 399 473 542
160 448 299 899
160 487 168 200
160 493 319 962
160 643 257 799
160 899 291 758
161 181 787 808
161 391 373 554
161 428 255 353
161 645 248 862
161 697 259 517
161 750 195 605
161 838 325 946
161 956 269 430
161 975 658 938
162 198 315 541
162 286 710 968
162 762 666 974
162 842 165 337
162 853 234 614
162 869 348 633
162 882 340 671
162 943 489 760
163 190 173 761
163 203 207 495
163 244 176 289
163 377 409 939
163 535 440 649
163 538 494 686
163 589 922 978
163 708 192 914
163 742 836 945
163 791 193 410
163 861 181 349
163 902 172 390
163 969 248 265
164 190 166 787
164 225 902 983
164 291 468 911
164 643 206 723
165 291 506 907
165 444 251 394
165 501 656 999
165 547 705 810
165 586 606 707
165 661 374 781
165 959 393 474
165 996 412 561
165 999 481 761
166 389 273 310
166 498 327 835
166 537 527 605
166 558 361 592
166 649 511 795
166 853 286 771
167 317 464 730
167 572 956 958
167 617 543 567
167 688 500 868
167 831 272 462
167 969 414 423
167 972 435 904
168 327 382 673
168 342 309 969
168 588 320 804
168 737 352 850
169 184 512 917
169 216 276 852
169 273 392 576
169 353 309 461
169 368 337 599
169 393 726 735
169 409 664 947
169 660 442 986
169 723 297 453
170 313 632 734
170 374 320 977
170 430 271 549
170 462 799 868
170 730 176 516
170 765 222 575
170 766 216 394
170 899 799 957
171 224 479 556
171 287 696 977
171 539 538 541
171 793 354 646
171 822 258 420
171 879 555 652
172 372 320 849
172 383 752 923
172 511 218 531
172 805 436 654
172 826 214 555
173 352 329 343
173 448 432 787
173 587 203 487
173 593 596 816
173 683 390 786
173 726 700 718
173 859 299 552
173 873 210 520
174 370 280 310
174 374 416 685
174 492 239 343
174 609 299 864
175 182 505 516
175 225 231 268
175 390 360 693
175 565 196 547
175 654 365 949
175 660 237 589
175 768 474 948
175 841 394 472
175 881 577 589
176 631 249 986
176 819 368 741
176 856 337 807
176 935 423 515
177 185 458 464
177 222 541 866
177 283 357 701
177 289 576 976
177 354 465 642
177 392 191 210
177 521 758 868
177 557 449 804
177 711 519 723
177 738 442 943
177 772 832 860
177 812 328 840
177 989 501 735
178 226 762 983
178 422 396 833
178 562 553 737
178 585 255 762
178 668 560 728
178 837 344 562
178 996 762 962
179 270 710 979
179 359 784 790
179 650 663 854
179 654 610 881
179 665 421 784
180 339 319 646
180 400 294 367
180 410 574 931
180 419 263 711
180 585 803 992
180 693 753 942
180 754 400 525
180 959 327 544
181 352 836 923
181 394 364 824
181 476 563 760
181 610 184 977
181 692 591 684
181 745 411 765
181 878 377 440
181 880 674 975
182 318 601 813
182 331 263 619
182 391 911 975
182 397 503 691
182 456 540 590
182 476 475 754
182 483 231 332
182 489 708 885
182 537 684 761
182 594 654 960
182 802 837 869
182 947 306 662
183 195 532 987
183 285 398 989
183 287 411 780
183 319 214 820
183 597 225 968
183 599 594 966
183 617 764 859
183 685 859 927
183 786 535 943
183 914 551 825
184 260 792 966
184 262 264 565
184 265 683 790
184 271 682 880
184 347 407 677
184 447 405 574
184 614 612 984
184 820 293 915
184 857 737 899
184 861 782 913
184 930 564 794
184 941 485 805
184 996 374 377
185 201 551 741
185 322 240 459
185 444 375 502
185 625 245 427
185 628 726 981
185 712 221 716
185 730 268 497
185 761 459 746
185 820 446 910
185 837 695 895
185 986 197 688
185 999 708 932
186 258 396 961
186 460 225 914
186 651 588 602
186 656 584 926
186 733 483 550
186 764 606 803
186 791 642 800
187 473 502 689
187 478 809 867
187 494 818 912
187 521 649 793
187 578 681 973
187 617 591 791
187 729 288 820
187 910 410 894
188 267 273 993
188 282 778 957
188 445 200 365
188 536 406 705
188 835 395 473
188 839 252 363
188 899 587 706
188 935 698 789
189 332 194 345
189 379 220 349
189 455 279 367
189 596 477 907
189 654 239 358
189 702 452 994
189 902 341 725
189 915 561 673
190 419 505 964
190 890 757 882
191 303 906 967
191 510 202 288
191 566 302 642
191 576 323 927
191 823 585 868
191 926 254 775
192 414 603 685
192 805 280 686
192 875 204 911
192 964 796 984
193 314 506 717
193 493 217 279
193 663 357 492
193 688 346 834
193 721 260 708
193 721 444 546
193 782 429 799
193 803 538 982
193 859 515 603
194 204 301 349
194 409 347 819
194 540 519 543
194 628 776 942
194 789 478 573
195 362 374 690
195 679 230 993
196 363 276 319
196 678 352 482
196 750 482 494
196 799 580 599
197 349 545 889
197 445 235 790
197 516 299 792
197 640 379 475
197 727 599 874
197 855 779 938
197 862 443 653
198 568 379 581
198 590 616 700
198 817 882 911
199 731 846 847
199 790 405 502
199 797 660 859
199 965 231 308
200 214 737 963
200 290 479 618
200 373 585 736
200 770 290 724
200 894 351 480
200 985 258 889
201 346 658 913
201 431 215 339
201 693 454 465
201 746 421 775
201 785 793 997
201 800 294 660
201 984 301 720
202 237 426 593
202 240 310 884
202 284 359 585
202 400 312 360
202 440 327 515
202 478 254 665
202 724 285 634
202 773 574 780
202 838 398 698
202 841 844 876
202 868 818 885
203 216 829 869
203 250 370 911
203 360 556 838
203 391 541 759
203 473 319 654
203 597 618 821
203 605 352 378
203 702 399 548
203 847 745 788
204 389 476 825
204 425 316 835
204 514 633 877
204 569 934 957
204 631 492 906
204 711 288 756
204 852 730 890
204 920 705 971
204 940 477 611
205 319 329 974
205 448 331 982
205 581 286 426
205 877 390 836
205 878 500 644
205 902 497 684
206 267 326 682
206 282 520 989
206 349 529 573
206 671 625 866
206 813 709 998
207 216 593 822
207 255 603 757
207 359 842 957
207 503 794 843
207 549 696 762
207 565 772 786
207 583 400 835
207 592 411 542
208 280 562 885
208 445 321 389
208 701 312 538
208 751 498 568
208 805 942 967
208 989 585 718
209 369 329 674
209 578 276 678
209 776 568 831
209 843 529 535
210 219 306 973
210 574 575 836
210 862 861 950
210 886 446 858
210 917 855 964
211 464 352 402
211 494 291 496
211 674 593 722
211 815 484 557
211 836 426 698
211 857 758 795
211 894 348 722
211 930 429 931
212 287 215 741
212 328 264 941
212 599 257 955
212 635 389 807
212 831 755 971
212 908 241 637
212 983 714 847
212 990 909 948
213 231 352 994
213 233 352 570
213 236 366 768
213 364 368 967
213 520 687 721
213 776 222 342
214 271 684 730
214 404 633 983
214 486 570 702
214 512 708 794
214 826 505 767
214 946 704 858
215 327 612 946
216 551 884 926
216 592 624 898
216 635 261 511
216 770 518 604
216 785 800 913
217 437 861 988
217 612 494 774
217 953 577 840
217 965 591 853
218 289 593 823
218 372 228 953
218 390 282 726
218 826 243 439
219 578 460 885
219 786 874 940
219 816 279 359
220 248 223 504
220 329 256 537
220 467 538 686
220 600 462 974
220 657 360 997
220 734 423 473
220 802 448 600
220 905 703 777
221 256 408 760
221 284 318 677
221 365 388 858
221 512 542 672
221 680 575 871
221 751 360 682
221 818 403 444
221 845 355 390
221 877 680 883
221 993 306 330
222 272 488 932
222 454 268 592
222 483 349 768
222 534 344 837
222 682 252 382
223 355 477 853
223 597 383 600
223 612 230 305
223 620 344 381
223 769 731 749
223 877 227 266
224 240 329 474
224 709 359 621
224 812 462 979
224 820 747 959
224 822 590 634
224 942 306 525
225 422 867 911
225 467 285 683
225 497 590 622
225 650 407 891
225 824 949 973
225 872 734 783
225 898 252 703
226 255 585 983
226 291 895 935
226 388 717 730
226 424 441 457
226 645 714 904
226 651 521 890
226 882 236 442
226 962 983 996
227 379 479 931
227 423 932 947
227 478 847 909
227 489 585 788
227 550 438 770
227 667 477 709
227 692 240 356
227 752 512 705
227 782 330 368
227 894 388 630
227 969 774 919
228 244 787 862
228 286 859 925
228 452 347 566
228 517 306 981
228 619 635 681
228 754 479 628
228 815 653 807
228 913 469 909
228 941 721 997
228 974 590 713
229 303 297 769
229 502 370 937
229 600 412 465
229 682 477 676
229 842 322 972
229 867 778 940
230 477 369 591
230 900 419 619
230 922 421 944
230 982 267 928
231 259 464 648
231 372 804 927
231 428 667 910
231 454 457 887
231 570 233 994
231 682 297 866
231 868 403 914
231 933 574 818
232 315 473 694
232 461 249 896
232 486 376 995
232 641 771 917
232 718 388 784
232 768 430 633
232 824 512 788
233 329 250 454
233 585 279 280
233 641 636 669
233 732 533 821
233 737 448 575
233 886 430 607
233 910 818 884
233 915 242 507
234 399 730 840
234 612 240 629
234 631 248 913
234 632 303 464
234 742 250 337
234 857 503 529
236 598 369 565
236 667 437 989
236 697 292 374
236 734 787 869
236 753 793 860
236 977 834 835
237 243 252 926
237 389 780 890
237 448 858 907
237 576 319 332
237 581 247 532
237 662 418 578
237 690 465 740
237 690 762 894
237 881 577 660
237 912 581 995
238 364 843 875
238 686 447 513
239 411 583 637
239 451 507 575
239 544 555 569
239 665 317 706
239 667 785 926
239 670 444 907
240 401 284 626
240 527 551 970
240 545 317 914
240 761 322 746
240 786 314 553
240 789 678 838
241 346 531 637
241 772 439 790
241 938 481 985
241 945 288 686
242 266 336 466
242 458 470 593
242 528 640 641
242 872 321 953
243 394 336 659
243 422 317 627
243 657 664 785
243 771 302 895
243 872 381 645
243 894 457 472
243 935 373 721
243 953 792 957
244 248 488 723
244 307 769 891
244 513 477 588
244 514 366 623
244 652 261 382
244 860 491 908
245 869 343 965
246 299 447 614
246 312 330 453
246 426 640 642
246 431 340 358
246 663 368 686
246 717 367 890
246 899 746 946
246 953 267 968
246 953 525 671
247 291 457 554
247 514 446 717
247 679 316 743
247 705 744 833
247 954 458 843
248 711 469 696
248 739 641 870
248 801 288 752
249 326 599 604
249 333 410 924
249 474 298 856
249 651 675 937
249 782 658 871
250 325 559 931
250 763 554 913
250 817 286 362
250 884 532 629
250 968 456 773
251 312 376 890
251 452 786 859
251 528 297 533
251 700 755 783
251 912 650 888
252 378 738 817
252 598 381 607
252 617 358 821
252 710 491 758
252 756 401 982
252 860 595 855
253 346 588 744
253 461 311 342
253 465 264 762
253 588 740 798
253 695 463 967
253 730 264 846
253 799 366 780
253 894 264 740
254 281 447 904
254 476 277 897
254 548 332 625
254 754 670 745
255 623 301 469
255 778 471 513
255 818 832 902
255 939 305 573
255 983 493 890
255 989 811 967
255 996 585 962
256 264 312 717
256 269 447 989
256 485 406 846
256 500 389 941
256 608 709 881
256 625 782 927
256 693 411 682
256 702 378 468
256 810 358 545
256 937 509 546
256 942 775 975
257 376 670 883
257 782 334 756
258 354 402 786
258 389 349 593
258 476 605 780
258 703 438 800
258 815 466 831
258 862 433 804
258 867 405 579
259 521 290 792
259 796 457 556
260 269 460 516
260 306 717 990
260 550 288 895
260 695 604 656
260 701 350 517
260 708 444 546
260 823 267 781
260 907 285 425
261 320 302 375
261 334 651 759
261 411 762 978
261 476 308 855
261 857 622 947
261 933 377 446
261 933 465 894
261 982 346 430
263 276 368 583
263 345 787 964
263 604 409 444
263 718 456 981
263 859 694 952
263 885 674 757
263 887 505 716
264 328 498 839
264 551 271 667
264 588 798 894
264 709 756 758
264 777 868 900
264 907 337 989
264 974 448 457
265 563 817 956
265 668 544 945
265 684 623 632
266 347 483 564
266 369 474 666
266 446 546 974
266 697 491 858
266 739 344 908
266 885 344 644
266 968 519 550
267 335 496 571
267 388 418 495
267 420 271 516
267 952 563 652
267 968 525 671
268 288 542 781
268 321 366 695
268 382 273 792
268 450 729 952
268 487 469 873
268 964 418 624
268 992 928 932
269 308 275 745
269 324 376 795
269 488 321 773
269 718 926 973
270 498 467 689
270 699 459 749
270 702 413 875
270 776 546 861
270 902 688 853
270 959 423 652
271 546 756 823
271 721 379 468
272 330 810 898
272 421 834 883
272 502 760 822
273 283 459 828
273 561 796 885
273 622 368 402
273 803 875 959
273 914 405 427
274 846 418 586
274 910 423 978
275 601 537 570
275 869 545 873
275 995 487 911
276 393 308 498
276 410 403 669
276 583 360 416
276 669 326 742
276 761 848 851
276 834 728 911
277 282 548 967
277 411 285 369
277 480 558 811
277 809 624 774
277 825 643 959
278 355 498 880
278 527 632 954
278 673 351 740
279 407 467 999
279 587 653 825
279 604 295 723
279 613 432 878
279 679 464 484
279 699 604 638
279 713 280 907
280 512 470 751
280 621 302 825
280 835 483 654
281 289 394 406
281 443 731 842
281 503 692 960
281 558 637 998
281 941 287 571
282 578 365 514
282 674 954 964
282 822 345 412
282 985 452 899
283 343 291 848
283 399 340 890
283 751 612 799
283 893 576 978
283 901 400 903
284 317 304 497
284 365 463 510
284 424 454 914
284 668 518 746
284 669 396 771
284 809 547 924
284 814 350 761
285 340 396 843
285 681 390 794
285 905 603 821
285 960 674 818
285 998 614 725
286 381 328 329
286 393 688 922
286 484 356 807
286 624 846 963
286 939 613 862
286 959 877 889
287 550 834 988
287 631 571 709
287 668 737 908
287 780 461 563
287 890 523 980
288 491 346 968
288 579 339 996
288 617 384 600
288 623 372 887
288 636 297 788
288 738 833 946
288 812 631 700
289 380 783 895
289 404 566 843
289 499 764 988
289 502 833 979
289 666 717 915
289 719 756 949
289 726 436 612
289 835 639 845
289 943 403 745
290 358 652 720
290 387 349 542
290 543 398 710
290 650 386 592
290 931 403 733
291 408 384 707
291 533 861 976
291 643 830 856
292 359 405 458
292 414 527 779
292 521 389 822
292 556 372 557
292 675 451 741
292 979 323 651
293 330 429 767
293 777 313 929
293 843 417 452
293 988 327 566
294 349 664 728
294 422 591 706
294 499 504 843
294 536 680 942
294 943 797 896
294 959 300 847
295 351 616 649
295 474 365 836
295 575 598 995
295 728 461 730
295 752 337 519
295 769 339 352
295 847 596 883
296 596 481 850
296 712 422 656
296 743 650 925
296 804 386 692
297 315 856 961
297 499 365 447
297 722 428 811
298 411 707 884
298 754 590 645
298 831 679 741
298 842 799 859
298 875 502 763
300 747 552 850
300 970 855 945
301 535 776 837
301 685 901 979
301 942 357 907
302 390 326 399
302 628 442 471
302 647 527 572
302 746 895 923
302 755 673 917
302 880 653 885
302 918 753 874
302 995 518 524
303 321 381 487
303 812 723 972
304 305 570 933
304 309 687 701
304 357 344 421
304 453 356 618
304 521 352 504
304 781 686 892
305 337 403 720
305 360 472 923
305 367 461 784
305 520 370 684
305 726 697 717
306 440 493 595
306 895 394 523
306 977 840 965
307 534 561 573
307 618 708 902
307 681 868 974
307 694 582 821
307 759 570 803
308 343 512 967
308 551 815 847
308 636 584 971
308 861 617 933
308 954 493 497
310 327 429 836
310 369 337 745
310 421 873 897
310 767 420 990
311 430 734 793
311 462 404 647
311 596 382 778
311 900 500 531
311 997 514 582
312 578 611 710
312 615 885 926
312 748 855 948
312 918 399 631
313 491 464 868
313 673 633 680
314 441 446 582
314 458 901 972
314 766 623 938
314 780 505 645
315 320 646 871
315 581 543 838
315 785 360 944
315 982 550 652
316 575 758 911
316 713 374 756
316 796 663 862
316 857 643 870
317 528 896 962
318 918 520 610
319 544 487 767
319 577 394 879
319 683 334 721
319 795 696 720
319 870 767 952
320 340 405 668
320 402 442 811
320 417 388 706
320 440 363 664
320 548 432 589
321 582 557 659
321 629 624 655
321 736 350 360
321 921 707 736
322 370 470 620
322 457 482 642
322 522 386 812
322 656 631 813
323 415 383 448
323 574 857 915
324 461 823 950
324 801 708 769
325 408 576 864
325 493 371 799
325 769 539 753
325 778 683 785
326 535 375 723
326 666 847 907
327 380 454 887
327 610 519 573
327 626 921 977
328 433 343 838
328 608 437 523
328 747 475 561
329 741 611 792
329 783 771 886
329 788 568 829
329 977 540 601
330 352 499 723
330 380 630 975
330 399 592 934
330 625 795 968
330 849 818 938
331 334 714 800
331 355 713 933
331 602 843 963
331 837 350 697
331 846 496 752
331 906 600 710
332 442 391 479
332 622 440 817
332 723 438 872
332 778 343 952
332 905 408 698
332 992 605 871
333 380 643 659
333 387 619 982
333 609 397 736
333 762 563 814
333 773 531 554
333 798 381 997
333 891 473 973
333 968 794 931
334 456 428 582
334 691 414 440
335 423 394 513
335 424 411 703
335 626 350 804
335 688 812 937
335 693 525 919
335 885 373 573
336 408 716 753
336 637 349 873
336 714 404 559
336 753 582 977
336 771 789 799
337 400 498 607
337 580 395 536
337 894 407 481
337 932 433 784
337 939 487 852
337 964 487 837
339 405 354 446
339 453 840 897
339 534 530 600
339 734 645 858
340 459 626 934
340 638 345 896
341 382 408 533
341 626 499 930
341 689 554 764
341 796 379 429
341 877 433 459
342 642 368 734
342 777 467 514
342 844 463 682
343 444 554 766
343 812 440 545
343 915 544 988
344 999 483 989
345 511 453 704
345 653 643 873
345 799 617 819
345 912 669 764
345 996 509 741
346 541 579 980
346 601 699 740
346 721 606 778
347 373 684 996
347 449 493 803
347 500 440 805
347 559 690 710
347 675 527 601
347 775 734 961
347 884 648 845
347 960 430 536
348 353 880 902
348 580 810 861
348 652 375 899
348 674 593 894
349 578 602 930
349 735 359 448
349 744 392 568
349 756 414 902
349 987 623 678
350 479 678 824
350 776 375 686
351 406 486 655
351 695 571 730
351 709 425 490
351 946 733 856
352 395 590 746
352 750 494 678
352 753 638 707
353 423 371 939
353 565 396 633
353 864 505 919
354 534 488 890
354 569 418 614
354 613 361 527
354 636 558 855
354 786 556 734
354 928 556 774
354 968 783 963
355 669 855 976
355 901 594 644
355 907 387 805
355 912 664 843
356 416 888 961
356 485 731 807
356 638 537 791
357 516 458 631
357 707 633 871
357 805 389 524
357 828 720 833
358 393 601 964
358 414 540 803
358 517 786 950
358 555 409 640
358 613 841 993
358 816 497 965
358 825 366 889
359 360 545 995
359 421 665 790
359 620 663 680
359 812 698 782
359 846 607 862
359 849 663 857
359 902 840 856
359 941 751 995
359 966 448 750
360 674 639 708
360 751 545 941
360 894 474 696
361 567 401 797
361 895 490 650
362 468 717 828
362 866 786 893
363 408 534 624
363 911 445 837
363 975 898 973
364 559 365 779
364 606 845 906
364 772 908 992
364 775 528 957
365 654 384 913
365 790 371 680
365 880 756 792
366 383 934 936
366 898 452 721
367 428 414 558
367 754 377 854
368 508 855 955
368 861 508 982
369 392 753 909
369 511 448 454
369 545 425 695
369 625 515 550
369 925 460 520
372 753 414 729
372 787 465 749
372 811 423 602
372 946 872 919
373 944 744 808
374 530 452 992
374 544 575 967
374 557 439 980
374 578 580 906
376 402 641 808
376 726 708 971
376 740 813 866
376 973 503 776
377 446 465 894
377 470 423 442
377 614 423 894
378 405 673 751
378 520 637 640
378 630 526 844
378 633 737 792
378 676 587 813
379 707 551 666
379 733 385 985
379 950 494 509
379 959 478 550
380 503 470 901
380 525 428 973
380 725 553 558
381 699 410 678
381 804 407 954
381 978 866 964
382 479 600 791
382 545 586 623
383 521 390 946
383 946 519 634
384 442 524 995
384 469 860 954
384 663 457 538
384 897 696 757
385 450 619 829
385 509 504 624
385 511 759 836
385 531 862 995
385 534 540 992
385 558 819 963
385 670 559 858
385 896 570 673
386 434 691 914
386 561 617 995
386 829 486 959
386 883 794 875
387 550 456 472
387 726 908 963
388 535 428 571
388 572 467 908
388 587 423 513
388 651 522 881
388 913 592 796
389 775 761 881
389 882 541 949
389 968 809 971
390 664 580 846
390 701 485 737
390 728 554 605
390 744 498 906
391 682 502 979
391 712 395 627
391 833 465 957
391 991 495 796
392 717 589 965
392 896 599 669
393 431 532 943
393 731 450 898
394 667 821 961
394 853 658 999
395 488 825 876
395 611 422 707
395 875 534 805
396 594 752 769
397 510 693 735
397 534 769 955
397 597 740 823
398 513 733 905
398 588 447 783
398 816 760 827
399 577 404 686
399 626 492 639
399 635 420 460
399 664 451 543
399 700 474 661
400 715 620 854
401 601 497 952
401 633 562 764
401 860 924 951
402 836 432 492
403 790 530 963
403 807 748 809
404 487 422 623
404 755 824 889
404 838 887 927
405 627 638 748
405 646 813 873
405 666 530 737
405 863 587 954
406 734 411 926
406 781 434 753
406 922 710 780
407 452 558 698
407 455 452 545
407 528 495 842
407 570 462 564
407 776 462 841
408 568 417 600
408 858 427 741
409 790 490 718
409 804 437 531
410 518 471 971
410 813 744 924
411 731 684 862
411 819 684 715
412 738 556 954
412 863 641 791
412 898 848 932
412 995 779 973
413 835 805 994
413 940 796 913
416 519 626 646
417 520 442 846
417 550 666 818
417 559 597 846
417 614 751 987
417 826 709 789
418 436 438 884
418 713 804 896
418 933 425 705
419 536 547 966
419 563 594 637
419 581 538 802
419 594 426 556
419 851 831 975
419 945 564 792
419 956 444 808
420 512 838 986
420 702 606 883
420 969 506 929
422 609 905 964
422 667 481 716
422 752 434 576
422 975 568 895
423 446 465 614
423 724 951 976
423 974 492 780
425 578 803 969
425 644 531 587
425 917 554 699
426 503 797 967
426 724 586 718
427 431 570 913
427 708 703 704
427 963 728 839
428 577 523 590
428 816 756 913
429 520 558 715
429 558 555 894
429 734 676 705
430 651 818 940
430 724 570 739
431 439 476 845
431 533 527 702
431 693 788 845
431 820 723 875
431 904 858 934
434 959 800 832
435 956 673 874
436 482 814 898
437 572 504 902
437 602 577 850
437 817 929 941
438 893 693 871
438 954 455 819
439 512 473 582
439 727 441 807
439 745 475 769
439 788 476 693
440 491 504 623
440 816 553 728
440 949 778 877
441 461 475 549
441 481 530 839
442 559 520 597
442 579 630 733
442 614 470 894
442 947 495 921
443 641 603 922
444 454 771 783
444 463 471 683
444 537 796 985
444 570 546 608
444 622 635 780
444 746 904 997
445 943 466 829
446 448 570 684
446 952 782 797
447 671 465 673
448 665 651 901
448 935 614 732
448 963 531 578
450 848 630 704
450 931 478 970
451 489 758 783
451 497 541 888
451 817 771 778
453 535 488 953
454 891 722 951
456 779 634 823
456 807 487 866
456 911 620 825
457 966 675 891
457 980 484 955
458 669 558 734
459 654 762 777
459 753 737 800
459 866 498 562
460 563 461 722
460 830 601 655
460 863 628 630
461 636 764 856
461 674 637 860
461 770 684 848
461 819 578 655
461 885 533 540
461 886 822 993
462 647 540 805
462 957 868 899
463 738 656 933
463 763 546 649
464 666 823 912
465 550 800 920
465 637 765 817
465 740 762 894
465 755 615 796
465 815 812 819
465 846 730 762
465 924 571 899
465 974 475 763
467 525 669 805
467 599 755 992
467 890 513 888
468 523 576 959
469 637 546 971
469 686 569 766
469 897 521 859
470 474 568 736
470 975 725 828
471 474 546 943
471 870 678 745
471 931 639 660
472 525 526 794
472 788 733 751
473 492 754 842
474 516 645 842
474 754 478 549
476 480 507 796
476 670 533 883
477 614 642 778
477 659 733 738
477 924 497 544
477 990 685 839
478 740 650 984
479 501 560 847
479 590 582 903
479 816 778 880
480 591 597 882
480 651 617 704
480 697 495 965
482 829 534 962
483 759 824 898
483 791 873 927
483 901 589 714
483 997 719 913
484 762 524 544
484 763 563 964
485 516 676 761
485 670 519 798
485 824 711 854
486 652 572 961
486 666 794 827
486 699 621 810
487 584 721 911
487 753 513 617
487 870 544 952
487 969 526 887
488 897 552 599
488 917 909 945
490 563 513 671
490 889 806 823
491 960 892 935
493 956 638 968
494 643 659 934
494 825 519 668
494 999 866 907
495 701 656 983
496 776 757 763
496 780 502 560
497 655 523 813
497 675 511 769
497 741 909 975
497 850 540 748
497 981 759 921
498 678 611 911
499 649 518 778
500 521 522 722
500 577 826 919
500 759 559 562
501 585 766 991
501 616 809 982
502 534 544 859
502 581 627 921
502 830 858 870
502 916 525 905
502 922 732 886
502 988 823 954
503 652 902 909
503 822 738 874
504 576 580 780
504 714 606 666
505 527 717 973
506 582 533 583
506 996 537 578
508 687 757 800
508 699 680 923
508 946 773 992
510 808 598 753
511 520 547 962
511 823 797 919
515 987 660 758
518 751 760 860
518 850 587 805
519 945 838 860
520 584 926 989
520 625 761 982
520 788 608 666
520 878 682 816
520 939 542 599
523 806 568 649
525 710 660 690
526 855 646 838
528 554 691 745
528 921 805 915
529 581 631 720
529 639 722 907
530 743 583 636
531 650 537 591
531 906 568 947
531 930 952 972
532 596 554 829
532 674 553 652
532 877 584 800
532 952 548 848
533 713 873 902
533 864 836 921
533 918 663 882
533 975 759 849
534 845 753 807
534 991 770 924
535 554 805 918
535 970 890 998
535 976 871 956
539 610 653 721
539 840 735 844
541 631 545 885
542 876 728 904
543 598 631 659
543 844 836 909
543 889 575 675
546 585 605 874
546 923 548 674
547 578 620 857
547 578 680 849
547 600 940 979
548 597 620 892
548 687 581 642
548 958 641 718
551 749 603 766
552 905 735 932
553 877 614 773
554 702 626 818
555 808 693 997
556 639 715 968
557 867 885 911
559 958 577 650
560 838 590 814
561 587 783 907
561 930 716 936
563 784 598 948
564 776 570 841
564 945 949 977
568 657 671 761
568 701 644 835
568 715 682 725
568 745 880 885
570 735 963 992
572 744 637 819
572 807 964 994
575 851 658 755
575 883 921 990
576 736 803 877
577 731 943 989
578 809 641 750
579 986 620 903
582 855 666 895
582 960 717 866
585 618 741 929
587 929 818 997
587 942 842 933
590 755 739 807
590 856 602 997
590 940 872 935
592 612 788 891
592 690 766 918
593 630 600 857
593 735 698 947
593 808 688 959
594 614 764 797
594 814 708 745
595 680 811 854
598 772 618 946
598 963 770 951
599 803 656 919
599 913 695 762
599 944 606 838
600 812 781 973
601 728 743 788
601 863 665 792
602 981 914 958
603 968 654 726
604 955 646 791
605 836 690 833
606 658 800 907
606 819 619 666
608 778 871 954
612 770 661 807
613 670 915 998
617 871 673 868
617 927 685 764
618 698 674 876
618 726 750 874
619 870 772 935
620 846 855 915
620 857 680 849
621 915 843 948
623 921 738 782
624 949 958 998
629 748 749 763
629 976 670 996
630 690 669 878
631 671 661 892
631 938 640 866
632 846 672 910
632 849 891 906
633 764 682 781
633 783 660 858
633 925 706 854
634 835 698 808
635 826 882 947
637 847 775 886
638 838 669 970
642 656 693 774
644 739 885 908
644 972 667 900
645 757 846 983
647 852 786 974
650 863 727 767
651 935 716 840
660 973 705 774
661 949 718 964
663 737 793 808
668 684 901 963
672 948 714 945
672 952 944 961
674 895 878 915
675 962 899 932
676 995 854 952
678 782 752 844
678 800 689 729
679 992 728 818
683 976 717 759
686 863 697 857
687 961 723 905
692 848 807 811
703 800 772 968
705 956 733 939
706 715 792 861
709 721 835 956
709 786 715 970
710 713 895 914
713 894 799 997
714 801 791 810
715 731 819 862
718 812 877 908
722 794 858 958
726 889 859 904
729 898 867 996
730 740 846 894
734 928 774 786
739 744 923 931
746 982 893 956
751 890 764 929
761 858 924 982
768 914 828 831
771 935 826 839
771 956 821 957
775 968 925 985
782 863 818 908
798 850 937 954
816 954 919 963
835 983 935 998
837 939 852 964
896 956 928 975
923 997 927 966
