3203
0 4 139 178
0 6 135 186
0 6 137 180
0 7 28 80
0 8 110 149
0 11 66 175
0 11 131 168
0 11 168 184
0 19 46 110
0 19 151 192
0 21 140 162
0 22 49 59
0 22 96 102
0 24 56 154
0 28 60 114
0 29 95 105
0 36 58 183
0 38 3 139
0 39 81 168
0 40 61 83
0 40 157 191
0 41 134 191
0 43 19 121
0 47 9 118
0 47 55 109
0 47 83 143
0 49 5 192
0 54 22 90
0 55 140 152
0 55 146 199
0 58 27 123
0 61 86 109
0 64 43 161
0 72 79 144
0 73 19 171
0 74 41 198
0 80 56 166
0 83 35 175
0 88 118 176
0 90 150 158
0 92 26 78
0 92 170 178
0 96 58 161
0 100 136 140
0 101 146 174
0 105 18 47
0 110 94 143
0 111 67 182
0 119 30 153
0 119 70 153
0 119 107 126
0 121 81 113
0 123 37 53
0 126 5 64
0 128 7 40
0 132 47 125
0 136 64 102
0 138 98 114
0 139 147 179
0 145 92 156
0 145 97 198
0 146 78 167
0 153 90 154
0 156 24 147
0 159 90 147
0 167 1 126
0 167 23 179
0 168 6 166
0 168 61 178
0 170 59 185
0 171 48 113
0 175 90 148
0 178 74 112
0 180 11 159
0 187 72 80
0 192 69 143
0 193 26 179
1 2 142 192
1 4 3 38
1 4 60 127
1 9 100 169
1 12 48 192
1 13 172 194
1 18 14 40
1 31 24 35
1 32 35 65
1 34 31 111
1 40 26 75
1 41 2 127
1 44 65 110
1 46 40 183
1 47 67 90
1 49 28 98
1 49 34 171
1 49 60 138
1 50 23 175
1 60 15 55
1 63 2 112
1 63 41 145
1 63 74 97
1 66 43 164
1 72 142 145
1 79 101 134
1 80 146 150
1 81 7 76
1 84 11 189
1 84 76 199
1 91 66 126
1 97 101 193
1 98 48 187
1 99 40 164
1 110 69 162
1 112 127 145
1 113 76 106
1 118 39 113
1 118 121 168
1 119 107 167
1 119 118 172
1 121 66 152
1 122 22 160
1 125 23 133
1 126 23 179
1 134 40 62
1 135 94 117
1 152 28 196
1 156 85 142
1 156 105 123
1 163 18 30
1 163 18 70
1 163 86 176
1 169 58 172
1 170 10 141
1 170 35 116
1 177 100 175
1 177 152 161
1 178 132 133
1 185 63 94
1 191 52 168
1 199 36 121
2 4 41 60
2 7 69 159
2 14 19 51
2 16 11 81
2 16 39 131
2 16 39 184
2 23 65 127
2 25 127 144
2 40 88 156
2 40 96 188
2 41 35 189
2 44 37 150
2 45 22 153
2 45 54 154
2 47 56 86
2 48 12 142
2 50 24 149
2 54 49 155
2 58 90 199
2 60 110 131
2 60 110 184
2 63 31 140
2 79 36 118
2 79 168 199
2 82 130 131
2 82 130 184
2 85 156 192
2 93 137 151
2 99 86 181
2 102 17 145
2 107 11 36
2 108 22 115
2 108 29 34
2 110 20 89
2 112 41 145
2 112 74 97
2 114 79 179
2 119 87 120
2 121 56 67
2 122 18 54
2 123 24 30
2 123 24 70
2 128 4 112
2 129 100 177
2 131 126 159
2 141 26 52
2 143 24 93
2 145 72 192
2 147 47 163
2 151 37 185
2 154 137 169
2 155 59 106
2 155 89 144
2 156 80 87
2 160 112 195
2 161 20 197
2 162 103 114
2 164 8 90
2 171 68 159
2 172 97 158
2 175 18 198
2 181 55 191
2 184 126 159
2 190 170 194
2 192 29 77
2 194 134 161
2 199 85 114
3 4 38 178
3 8 66 101
3 12 86 179
3 13 158 159
3 19 37 92
3 19 65 195
3 25 35 188
3 27 144 149
3 29 89 160
3 30 118 195
3 38 60 127
3 44 80 171
3 46 148 158
3 48 57 60
3 53 88 175
3 54 13 134
3 57 55 168
3 57 62 106
3 57 68 99
3 69 28 112
3 70 118 195
3 74 106 107
3 85 8 154
3 91 67 159
3 92 30 152
3 92 70 152
3 93 64 117
3 100 21 89
3 101 11 120
3 102 98 146
3 104 77 162
3 105 133 193
3 107 134 157
3 114 8 176
3 116 6 174
3 118 103 107
3 126 175 180
3 127 128 158
3 129 102 142
3 136 37 142
3 136 89 162
3 137 53 62
3 149 55 176
3 149 110 136
3 155 69 157
3 156 31 55
3 156 50 168
3 156 160 197
3 163 113 192
3 164 16 29
3 167 103 172
3 170 58 106
3 173 15 104
3 174 29 191
3 177 143 157
3 183 19 101
3 188 21 67
3 189 54 101
3 191 55 185
3 191 173 186
3 193 105 132
3 197 126 131
3 197 126 184
4 18 65 168
4 18 116 162
4 21 42 186
4 22 80 100
4 31 124 187
4 36 24 111
4 36 75 148
4 40 23 97
4 41 26 92
4 41 79 195
4 42 8 83
4 42 26 172
4 43 16 40
4 52 107 159
4 60 95 188
4 61 139 168
4 66 16 99
4 75 101 167
4 86 6 50
4 96 54 136
4 98 24 112
4 108 83 194
4 114 87 118
4 120 42 111
4 126 35 56
4 130 50 119
4 130 105 141
4 137 122 162
4 138 49 127
4 138 76 156
4 143 48 59
4 143 141 151
4 145 60 112
4 149 106 123
4 160 128 195
4 169 17 146
4 170 92 139
4 192 9 16
4 195 67 99
4 197 20 32
4 197 28 46
4 199 46 73
4 199 52 110
5 7 91 191
5 8 58 141
5 18 154 191
5 19 49 151
5 21 98 121
5 25 76 116
5 26 124 148
5 28 36 136
5 37 61 108
5 38 144 187
5 42 53 87
5 42 93 155
5 43 47 65
5 48 24 169
5 52 22 130
5 55 76 197
5 56 32 177
5 59 45 53
5 66 44 125
5 67 89 198
5 74 87 173
5 79 130 154
5 83 10 52
5 83 98 120
5 94 14 165
5 94 55 143
5 95 78 93
5 101 65 151
5 103 48 179
5 111 56 78
5 113 32 130
5 119 59 91
5 122 45 191
5 124 97 190
5 124 156 187
5 125 77 119
5 128 27 39
5 136 102 126
5 140 139 177
5 144 17 117
5 151 53 166
5 156 9 98
5 158 101 182
5 160 31 76
5 164 55 189
5 172 100 147
5 180 30 179
5 180 70 179
5 180 95 145
5 186 63 157
5 188 100 198
6 17 78 178
6 19 159 164
6 26 60 142
6 36 106 149
6 39 25 132
6 45 11 80
6 45 121 170
6 49 62 154
6 59 72 111
6 61 97 101
6 65 73 149
6 69 60 67
6 77 163 171
6 80 56 168
6 82 68 87
6 85 87 110
6 86 62 111
6 87 111 158
6 98 78 195
6 116 62 140
6 120 28 62
6 122 33 67
6 126 43 90
6 130 86 119
6 141 16 97
6 148 65 134
6 148 163 172
6 153 88 97
6 155 39 112
6 159 11 89
6 165 42 51
6 166 61 178
6 169 35 91
6 170 79 134
6 192 30 70
6 194 100 193
7 8 74 103
7 8 106 118
7 13 112 144
7 17 77 118
7 18 9 62
7 18 34 66
7 30 16 59
7 33 26 147
7 33 82 86
7 45 91 122
7 47 76 179
7 48 39 102
7 53 157 189
7 59 119 191
7 62 42 60
7 63 37 183
7 65 12 146
7 67 99 152
7 68 69 171
7 69 37 136
7 70 16 59
7 72 28 187
7 74 20 26
7 75 37 186
7 77 13 147
7 80 9 92
7 83 92 119
7 84 81 199
7 89 121 198
7 93 112 183
7 97 122 188
7 98 84 110
7 99 65 73
7 104 24 176
7 107 87 125
7 107 130 186
7 108 27 73
7 109 131 199
7 109 184 199
7 112 25 58
7 113 81 106
7 117 121 189
7 122 14 102
7 124 144 152
7 126 69 131
7 126 69 184
7 127 125 178
7 129 49 172
7 130 104 152
7 130 178 182
7 134 115 123
7 135 86 126
7 136 18 23
7 137 99 138
7 140 17 62
7 151 62 190
7 154 18 91
7 161 9 107
7 175 46 121
7 176 14 89
7 177 151 194
7 180 29 172
7 180 73 106
7 185 34 83
7 187 57 117
7 190 97 156
7 192 178 199
8 10 95 125
8 14 132 192
8 19 66 183
8 19 79 120
8 22 44 107
8 29 51 73
8 33 37 87
8 40 15 64
8 44 38 63
8 45 60 190
8 46 19 149
8 50 14 69
8 52 32 119
8 54 66 189
8 58 93 196
8 58 164 199
8 60 92 121
8 61 35 93
8 63 54 64
8 64 89 127
8 73 118 180
8 75 23 119
8 77 17 106
8 77 123 139
8 81 113 118
8 82 55 151
8 83 26 172
8 85 75 174
8 85 77 172
8 85 148 171
8 86 146 179
8 91 137 167
8 93 30 198
8 93 70 198
8 98 62 148
8 102 47 97
8 106 51 172
8 108 42 194
8 111 89 172
8 120 124 196
8 131 19 43
8 141 140 188
8 143 123 198
8 145 39 165
8 149 23 169
8 149 55 114
8 150 79 135
8 151 28 130
8 156 41 90
8 162 62 67
8 162 119 186
8 165 59 67
8 165 88 139
8 166 33 181
8 166 34 158
8 169 80 132
8 172 62 196
8 175 49 160
8 175 99 108
8 184 19 43
8 197 14 169
9 13 52 61
9 21 121 156
9 30 78 91
9 40 87 130
9 41 85 149
9 43 40 192
9 43 85 88
9 54 93 163
9 57 40 191
9 57 87 135
9 62 34 66
9 64 35 173
9 66 99 192
9 69 129 194
9 70 78 91
9 75 120 179
9 83 80 119
9 83 120 156
9 88 47 176
9 95 59 198
9 96 143 170
9 101 170 193
9 111 45 76
9 112 134 189
9 118 55 109
9 118 83 143
9 127 133 194
9 133 30 122
9 133 70 122
9 134 78 131
9 134 78 184
9 135 130 191
9 136 24 87
9 140 17 18
9 146 90 155
9 150 17 22
9 151 18 190
9 157 150 162
9 158 35 98
9 163 12 93
9 167 28 53
9 167 94 183
9 168 40 185
9 171 36 157
9 172 11 191
9 175 169 177
9 178 48 82
9 178 83 185
9 187 36 108
9 190 36 166
9 195 68 177
9 196 24 60
10 12 19 185
10 14 20 90
10 14 154 178
10 17 89 173
10 19 29 190
10 21 64 99
10 28 13 88
10 28 81 115
10 30 156 162
10 39 23 91
10 40 116 127
10 47 53 60
10 48 67 199
10 51 87 89
10 52 98 120
10 54 82 140
10 55 20 178
10 57 13 42
10 57 117 121
10 66 90 171
10 70 156 162
10 72 12 16
10 80 82 102
10 82 64 190
10 84 46 141
10 90 39 173
10 93 78 194
10 103 43 79
10 106 87 111
10 108 20 198
10 109 59 116
10 110 28 78
10 111 18 38
10 111 158 192
10 113 42 50
10 117 47 58
10 117 85 107
10 118 115 159
10 121 123 195
10 122 81 143
10 131 17 38
10 141 35 116
10 142 60 99
10 144 20 187
10 145 82 134
10 148 31 52
10 150 53 71
10 154 107 173
10 155 110 187
10 162 144 146
10 164 48 195
10 165 119 189
10 170 86 143
10 173 122 192
10 183 33 114
10 184 17 38
10 185 176 199
10 191 86 96
10 191 149 199
10 192 56 114
10 192 76 173
10 193 24 67
11 15 28 158
11 18 61 167
11 26 75 112
11 30 110 164
11 33 42 165
11 34 13 87
11 35 66 83
11 37 57 64
11 37 113 178
11 42 23 99
11 42 30 146
11 42 70 146
11 46 134 147
11 49 17 158
11 49 177 196
11 51 171 181
11 54 98 128
11 57 40 172
11 61 161 186
11 65 139 167
11 68 64 160
11 70 110 164
11 72 90 127
11 77 56 90
11 79 107 118
11 80 121 170
11 81 39 131
11 81 39 184
11 84 39 109
11 84 67 189
11 93 114 136
11 95 74 196
11 99 15 157
11 104 134 192
11 111 29 157
11 117 138 146
11 121 142 158
11 135 130 172
11 136 21 48
11 143 36 125
11 144 41 178
11 144 57 69
11 148 78 113
11 161 56 112
11 165 69 136
11 165 86 106
11 166 95 126
11 168 115 196
11 174 129 155
11 176 141 178
11 183 13 100
11 183 25 104
11 183 62 147
11 189 76 199
11 194 147 160
12 20 137 147
12 28 77 157
12 30 36 105
12 30 114 137
12 32 24 182
12 39 30 140
12 39 70 140
12 51 117 151
12 55 28 177
12 59 104 156
12 60 87 175
12 60 100 143
12 66 26 140
12 70 36 105
12 70 114 137
12 73 36 158
12 74 33 137
12 75 103 174
12 78 34 117
12 85 45 116
12 88 54 60
12 95 126 182
12 99 85 124
12 101 131 139
12 101 139 184
12 123 176 182
12 125 14 139
12 128 18 60
12 136 95 156
12 141 49 123
12 151 22 108
12 155 93 126
12 158 47 129
12 179 52 190
12 180 69 176
12 181 84 123
12 186 81 176
12 186 146 166
12 187 98 192
12 193 98 113
12 196 135 181
12 196 136 175
13 15 72 89
13 20 58 92
13 27 147 156
13 28 105 111
13 30 121 138
13 33 26 77
13 42 117 121
13 48 18 134
13 51 101 130
13 53 82 192
13 54 44 149
13 57 20 92
13 58 26 174
13 58 63 145
13 58 169 194
13 60 14 155
13 64 50 178
13 65 89 147
13 67 91 158
13 68 30 72
13 68 70 72
13 68 111 155
13 69 62 191
13 70 121 138
13 77 50 182
13 79 178 189
13 84 41 45
13 88 81 115
13 94 72 106
13 97 17 178
13 99 26 176
13 100 25 104
13 100 62 147
13 103 100 110
13 107 54 157
13 113 50 57
13 113 55 156
13 118 119 194
13 119 44 188
13 120 86 105
13 128 127 159
13 129 27 60
13 130 20 138
13 130 163 181
13 143 22 131
13 143 22 184
13 148 46 159
13 152 95 168
13 152 112 124
13 153 47 53
13 158 100 123
13 158 102 146
13 159 116 120
13 161 49 87
13 165 100 190
13 166 44 59
13 168 16 104
13 177 126 197
13 178 139 142
13 181 116 195
13 182 131 177
13 182 177 184
13 183 93 144
13 193 37 86
14 17 129 151
14 20 55 154
14 25 68 136
14 26 73 147
14 28 35 145
14 29 86 168
14 31 89 116
14 34 33 52
14 37 30 144
14 37 70 144
14 44 26 177
14 46 18 183
14 46 129 138
14 48 26 131
14 48 26 184
14 48 39 122
14 48 111 114
14 59 133 182
14 61 126 129
14 64 30 69
14 64 69 70
14 68 60 111
14 72 91 107
14 80 63 74
14 80 169 192
14 90 15 78
14 90 97 145
14 93 57 173
14 99 18 164
14 100 67 135
14 101 52 142
14 101 125 131
14 101 125 184
14 106 162 169
14 112 47 113
14 113 30 41
14 113 41 70
14 118 32 43
14 125 28 41
14 130 85 111
14 134 18 62
14 141 74 89
14 149 23 197
14 151 89 139
14 153 72 140
14 158 29 112
14 158 82 167
14 159 61 119
14 160 25 89
14 160 127 155
14 165 55 143
14 171 20 66
14 175 59 74
14 178 25 194
14 178 55 90
14 180 25 48
14 181 52 158
14 187 90 144
14 189 59 129
14 193 73 139
14 193 87 168
14 195 43 114
14 196 131 162
14 196 162 184
14 198 90 108
15 17 28 49
15 17 120 154
15 24 16 45
15 24 101 151
15 30 68 89
15 36 55 96
15 38 167 181
15 46 61 123
15 47 73 129
15 47 127 169
15 48 42 81
15 49 26 63
15 53 100 179
15 63 40 54
15 70 68 89
15 73 42 43
15 78 97 145
15 89 107 120
15 90 21 78
15 90 75 179
15 91 74 168
15 91 95 115
15 92 73 159
15 98 33 51
15 98 114 126
15 106 89 94
15 109 36 48
15 109 44 181
15 111 29 99
15 116 65 123
15 116 124 129
15 119 35 111
15 126 20 100
15 126 65 125
15 138 95 176
15 138 116 125
15 138 123 126
15 142 28 121
15 144 59 94
15 147 65 72
15 149 47 193
15 159 75 139
15 163 37 151
15 168 123 162
15 169 33 76
15 170 32 123
15 171 42 121
15 175 132 150
15 176 41 64
15 176 69 113
15 179 65 133
15 179 142 199
15 183 55 161
15 187 82 195
15 190 69 175
15 194 132 170
15 198 29 192
16 17 158 198
16 17 160 161
16 22 47 90
16 27 121 154
16 36 81 107
16 36 91 101
16 41 87 180
16 45 101 151
16 48 88 118
16 48 94 133
16 49 35 147
16 57 162 195
16 58 19 73
16 61 101 141
16 71 29 41
16 77 55 183
16 84 160 190
16 87 133 178
16 92 28 157
16 100 25 168
16 102 58 167
16 107 127 133
16 110 39 60
16 122 115 144
16 124 60 103
16 129 23 187
16 130 39 82
16 139 162 194
16 144 119 193
16 148 88 154
16 153 88 141
16 173 26 153
16 174 164 191
16 175 88 153
16 195 66 67
17 20 47 96
17 25 61 121
17 26 18 114
17 35 145 187
17 39 89 90
17 41 33 108
17 41 50 59
17 43 116 157
17 45 166 189
17 52 93 138
17 59 151 189
17 61 78 166
17 64 50 97
17 69 31 91
17 69 82 179
17 71 24 27
17 71 44 122
17 76 89 192
17 79 97 189
17 82 58 71
17 87 51 173
17 92 86 183
17 99 115 189
17 100 92 199
17 105 20 44
17 106 123 139
17 107 89 154
17 108 45 149
17 111 18 131
17 111 18 184
17 111 74 137
17 112 41 102
17 115 149 153
17 121 49 142
17 126 45 141
17 126 61 151
17 129 19 190
17 132 55 58
17 134 189 193
17 137 24 170
17 137 31 116
17 138 46 151
17 141 48 189
17 151 140 190
17 152 57 156
17 154 122 185
17 155 80 181
17 158 177 196
17 160 51 145
17 161 34 138
17 171 34 146
17 171 58 115
17 175 44 71
17 188 123 181
17 190 84 161
17 195 98 178
17 196 18 26
18 19 107 197
18 24 102 194
18 28 112 141
18 30 86 176
18 33 71 153
18 38 158 192
18 42 98 160
18 43 112 113
18 45 122 154
18 48 93 106
18 53 50 130
18 70 86 176
18 74 57 161
18 74 83 189
18 74 125 143
18 75 38 144
18 83 66 185
18 86 177 178
18 88 54 128
18 92 62 80
18 99 20 81
18 107 27 142
18 107 62 161
18 110 23 174
18 115 30 187
18 115 37 90
18 115 70 187
18 119 139 152
18 120 92 194
18 122 82 161
18 122 116 137
18 123 44 60
18 128 51 115
18 128 56 142
18 130 79 191
18 131 74 137
18 132 105 125
18 137 145 190
18 139 61 65
18 141 137 155
18 144 97 147
18 145 31 110
18 147 53 137
18 150 22 140
18 152 72 81
18 159 190 193
18 171 119 176
18 181 43 45
18 181 124 169
18 183 129 138
18 184 74 137
18 193 60 117
18 195 103 138
18 196 76 187
19 21 35 95
19 23 186 198
19 32 112 189
19 41 116 136
19 52 41 185
19 54 85 144
19 59 63 91
19 61 24 52
19 63 137 156
19 64 29 82
19 65 49 101
19 66 48 57
19 66 76 95
19 67 21 24
19 75 162 198
19 82 161 181
19 85 24 61
19 90 81 117
19 110 21 27
19 112 30 130
19 112 70 130
19 118 30 65
19 118 65 70
19 119 72 97
19 120 94 163
19 135 120 150
19 142 92 136
19 147 84 90
19 151 129 140
19 162 42 90
19 163 33 61
19 168 88 93
19 169 72 143
19 175 80 91
19 177 31 154
19 177 59 163
19 186 47 152
19 188 146 194
19 189 54 183
20 24 79 139
20 24 124 185
20 25 69 88
20 29 145 193
20 30 121 130
20 31 56 117
20 32 28 46
20 33 53 131
20 33 53 184
20 33 74 147
20 37 118 140
20 39 87 127
20 39 107 178
20 40 48 72
20 53 126 179
20 54 170 181
20 62 89 125
20 62 145 158
20 63 85 95
20 70 121 130
20 71 105 122
20 72 54 121
20 76 30 112
20 76 52 132
20 76 70 112
20 76 94 153
20 83 33 128
20 83 75 192
20 86 87 145
20 86 160 173
20 88 179 180
20 90 154 178
20 100 65 125
20 114 30 147
20 114 70 147
20 116 37 104
20 135 41 129
20 137 60 189
20 138 163 181
20 143 154 165
20 145 159 181
20 152 72 99
20 155 110 144
20 156 179 192
20 163 32 59
20 165 163 168
20 174 159 189
20 175 71 105
20 179 49 195
20 181 54 62
20 185 112 166
20 189 71 194
20 195 106 155
20 196 112 115
21 22 79 87
21 29 100 160
21 33 76 114
21 40 28 38
21 45 71 83
21 45 97 159
21 46 23 77
21 54 57 131
21 54 57 184
21 60 64 142
21 61 52 67
21 63 60 187
21 74 30 76
21 74 70 76
21 76 35 66
21 78 75 179
21 80 89 97
21 84 118 198
21 85 61 67
21 91 159 188
21 92 75 193
21 96 27 160
21 104 44 75
21 105 69 172
21 105 124 164
21 111 120 186
21 120 83 121
21 122 44 66
21 126 51 76
21 136 100 162
21 150 27 66
21 152 55 162
21 156 33 75
21 177 135 193
21 185 29 153
21 190 82 99
21 197 52 60
21 199 53 157
22 26 50 129
22 43 58 136
22 53 24 77
22 57 63 155
22 64 96 136
22 66 38 163
22 67 106 116
22 79 52 154
22 81 77 86
22 82 31 63
22 91 63 179
22 110 36 41
22 111 104 155
22 113 32 52
22 115 29 34
22 118 71 145
22 122 77 170
22 142 95 149
22 146 29 58
22 146 66 177
22 146 121 161
22 153 54 154
22 159 54 147
22 167 98 164
22 168 101 174
22 175 54 148
22 178 61 124
22 182 143 177
22 185 49 170
22 186 88 182
22 188 69 144
23 27 171 190
23 37 48 66
23 44 57 187
23 50 43 165
23 51 68 111
23 52 32 75
23 64 103 119
23 99 30 146
23 99 70 146
23 103 25 94
23 120 168 171
23 122 119 140
23 124 66 112
23 129 101 181
23 137 64 90
23 138 178 179
23 139 147 167
23 141 72 171
23 144 25 65
23 154 91 136
23 157 132 195
23 162 75 186
23 166 74 79
23 169 55 114
23 177 50 100
23 178 125 132
23 181 35 60
23 191 99 153
23 193 26 167
23 193 157 195
24 27 44 122
24 32 31 65
24 33 90 173
24 37 101 163
24 39 94 108
24 40 130 136
24 48 193 199
24 53 97 197
24 57 135 136
24 62 40 159
24 65 26 34
24 65 47 191
24 69 38 49
24 81 53 86
24 85 169 182
24 88 29 114
24 90 56 153
24 91 110 182
24 92 102 120
24 95 32 126
24 95 77 115
24 101 83 138
24 110 27 67
24 110 88 197
24 111 75 148
24 119 28 183
24 120 36 42
24 122 53 170
24 123 32 176
24 130 41 189
24 139 33 78
24 139 156 179
24 140 145 189
24 140 174 181
24 141 134 199
24 144 135 165
24 145 60 98
24 153 117 179
24 157 87 112
24 159 90 156
24 159 107 189
24 163 33 85
24 166 80 154
24 170 31 116
24 180 57 181
24 180 65 171
24 186 129 172
24 188 62 114
25 31 116 160
25 44 97 113
25 45 36 152
25 49 186 197
25 63 119 165
25 72 67 193
25 77 96 172
25 82 128 129
25 87 91 132
25 89 127 155
25 93 26 145
25 104 62 147
25 113 120 162
25 122 85 186
25 126 111 118
25 140 81 83
25 141 74 160
25 147 50 171
25 148 28 156
25 151 91 152
25 151 121 126
25 151 139 160
25 153 26 64
25 156 154 167
25 159 51 55
25 173 120 198
25 182 66 191
25 191 37 89
25 194 55 90
25 197 55 116
25 198 66 165
26 34 47 191
26 39 30 66
26 39 66 70
26 56 75 161
26 65 37 79
26 67 69 142
26 74 39 116
26 78 170 178
26 79 156 172
26 85 77 83
26 89 57 87
26 91 117 178
26 92 79 195
26 101 48 125
26 104 64 174
26 106 51 83
26 111 83 89
26 111 131 196
26 111 184 196
26 114 32 64
26 117 164 177
26 131 39 122
26 131 111 114
26 139 147 193
26 141 31 39
26 144 47 81
26 146 92 167
26 147 82 86
26 148 37 170
26 161 119 150
26 162 72 132
26 167 157 195
26 170 41 139
26 170 82 126
26 174 63 145
26 174 169 194
26 175 88 173
26 175 151 155
26 178 103 123
26 178 110 158
26 180 162 168
26 182 179 187
26 184 39 122
26 184 111 114
26 189 63 181
26 193 121 131
26 193 121 184
26 195 64 118
26 196 48 162
27 29 31 81
27 29 96 100
27 40 192 194
27 55 113 147
27 57 30 84
27 57 70 84
27 62 100 156
27 67 88 197
27 71 93 166
27 72 141 190
27 76 35 150
27 86 131 182
27 86 182 184
27 88 121 148
27 89 65 156
27 99 65 108
27 99 155 185
27 107 151 165
27 112 92 173
27 114 135 163
27 115 78 79
27 119 50 176
27 119 131 135
27 119 135 184
27 122 44 150
27 124 41 191
27 128 56 107
27 130 34 169
27 131 32 199
27 135 45 194
27 137 71 170
27 139 59 197
27 142 62 161
27 146 60 151
27 150 173 174
27 153 65 166
27 154 46 54
27 168 120 190
27 180 106 108
27 182 163 173
27 183 98 191
27 184 32 199
27 186 100 135
27 194 98 169
28 31 38 54
28 32 61 66
28 33 61 68
28 34 59 89
28 37 43 176
28 42 57 88
28 42 64 196
28 48 68 123
28 49 120 154
28 53 94 183
28 58 162 191
28 65 67 129
28 71 73 84
28 71 106 169
28 86 111 120
28 93 110 194
28 96 134 175
28 97 35 90
28 98 34 171
28 98 60 138
28 108 165 195
28 113 30 125
28 113 43 141
28 113 70 125
28 114 60 123
28 116 120 140
28 120 74 146
28 124 67 123
28 126 79 83
28 131 165 172
28 135 73 138
28 143 115 122
28 144 99 123
28 154 75 98
28 155 68 105
28 159 81 118
28 161 33 193
28 164 68 121
28 166 101 191
28 170 46 66
28 170 107 169
28 171 42 142
28 173 78 123
28 184 165 172
28 194 59 75
28 194 130 171
28 199 73 197
29 32 42 130
29 36 49 68
29 37 42 97
29 38 94 136
29 43 136 146
29 45 57 150
29 47 30 181
29 47 70 181
29 57 128 159
29 58 66 177
29 58 121 161
29 63 48 78
29 63 68 173
29 71 125 191
29 87 86 193
29 89 117 186
29 95 52 103
29 107 57 136
29 112 82 167
29 118 76 110
29 129 49 180
29 131 56 195
29 135 96 186
29 139 166 186
29 149 94 130
29 156 62 96
29 158 62 193
29 161 110 156
29 162 136 160
29 172 73 106
29 175 112 165
29 176 156 167
29 179 58 178
29 184 56 195
29 188 62 88
29 197 89 156
29 198 186 189
30 31 84 158
30 33 74 114
30 50 123 149
30 54 72 130
30 56 85 103
30 64 56 160
30 72 111 155
30 81 60 97
30 82 40 108
30 85 52 97
30 86 94 151
30 94 68 106
30 103 48 180
30 103 168 196
30 105 179 196
30 112 52 132
30 112 94 153
30 116 34 55
30 117 42 138
30 119 86 171
30 125 43 141
30 126 51 74
30 129 109 160
30 131 70 184
30 131 91 134
30 135 171 182
30 143 93 123
30 153 107 126
30 158 73 105
30 163 63 136
30 163 69 183
30 179 95 145
30 184 70 131
30 184 91 134
30 185 76 166
30 185 125 177
30 187 37 90
30 192 72 144
30 196 76 115
31 35 88 199
31 43 51 123
31 43 137 157
31 54 161 169
31 55 50 168
31 55 160 197
31 57 82 155
31 57 156 168
31 59 65 98
31 60 102 111
31 61 71 147
31 62 133 165
31 66 111 176
31 70 84 158
31 72 100 163
31 74 116 141
31 74 122 155
31 75 161 188
31 81 96 100
31 91 82 179
31 102 130 199
31 102 182 192
31 123 113 161
31 131 122 141
31 135 90 166
31 136 44 101
31 139 116 151
31 149 156 176
31 152 178 183
31 154 59 163
31 157 104 142
31 177 71 189
31 180 32 171
31 181 114 194
31 182 104 183
31 184 122 141
31 191 156 185
31 194 65 154
31 199 139 190
32 35 157 198
32 46 61 170
32 50 79 116
32 51 74 144
32 61 79 96
32 61 82 183
32 68 33 66
32 71 47 173
32 74 97 135
32 79 113 154
32 85 140 191
32 90 99 191
32 94 42 149
32 97 37 130
32 101 176 181
32 104 114 174
32 105 102 110
32 109 63 154
32 110 35 44
32 110 99 139
32 113 92 140
32 116 65 170
32 116 79 148
32 118 38 102
32 120 41 47
32 126 77 115
32 138 126 170
32 140 50 82
32 140 56 139
32 142 55 159
32 142 158 176
32 149 45 195
32 162 52 186
32 165 105 199
32 167 47 178
32 168 162 170
32 172 40 155
32 180 38 141
32 185 53 54
32 188 128 192
32 190 44 58
32 195 114 118
33 48 38 46
33 51 114 126
33 53 46 145
33 57 46 127
33 62 75 93
33 69 60 122
33 70 74 114
33 71 144 174
33 72 47 135
33 78 156 179
33 92 96 158
33 92 156 193
33 95 84 120
33 97 148 168
33 101 34 142
33 104 44 156
33 105 61 155
33 105 107 185
33 107 50 181
33 108 50 59
33 121 61 164
33 123 48 61
33 125 106 198
33 126 82 135
33 128 75 192
33 129 78 137
33 139 137 175
33 142 97 100
33 152 115 198
33 153 104 123
33 155 36 120
33 156 159 173
33 159 69 104
33 172 58 75
33 172 118 149
33 174 58 77
33 176 77 99
33 181 34 158
33 186 133 145
33 187 110 150
33 192 56 183
33 195 39 190
33 196 66 116
34 38 90 135
34 51 78 151
34 51 141 189
34 52 93 161
34 55 70 116
34 64 107 182
34 64 138 141
34 75 89 194
34 81 144 191
34 88 63 119
34 91 56 80
34 92 85 97
34 92 96 181
34 100 87 183
34 101 104 112
34 106 96 134
34 127 120 151
34 130 46 169
34 133 92 190
34 133 187 198
34 146 58 115
34 157 136 156
34 167 79 123
34 171 60 138
34 175 143 183
34 188 127 143
34 192 77 108
34 194 98 130
34 196 55 177
34 198 85 156
35 37 103 131
35 37 103 184
35 38 101 162
35 38 125 196
35 39 62 162
35 40 127 141
35 42 92 127
35 44 99 139
35 45 92 116
35 47 114 172
35 51 160 187
35 53 37 105
35 53 78 152
35 58 61 196
35 58 91 124
35 94 101 160
35 105 100 111
35 109 59 141
35 109 89 175
35 122 44 76
35 125 69 160
35 130 88 102
35 136 42 133
35 138 51 159
35 140 40 79
35 143 121 173
35 152 103 106
35 165 58 103
35 169 90 112
35 185 129 134
35 190 50 51
35 190 58 110
36 39 69 105
36 46 63 166
36 48 44 181
36 68 49 146
36 73 65 106
36 75 147 157
36 89 40 177
36 94 85 172
36 95 84 155
36 98 122 161
36 100 86 151
36 105 114 137
36 106 150 196
36 111 64 161
36 112 98 111
36 115 72 117
36 117 50 185
36 118 168 199
36 131 177 181
36 134 65 144
36 141 61 91
36 148 93 173
36 151 45 91
36 161 96 183
36 162 51 97
36 167 185 188
36 168 60 154
36 169 65 84
36 169 131 150
36 169 150 184
36 172 127 161
36 173 49 63
36 180 68 129
36 182 84 93
36 184 177 181
37 41 113 144
37 54 111 190
37 58 131 165
37 58 165 184
37 69 64 144
37 78 148 178
37 90 70 187
37 92 65 195
37 93 63 112
37 103 76 111
37 105 78 152
37 106 131 152
37 106 135 142
37 106 152 184
37 107 75 130
37 109 46 105
37 112 48 124
37 120 105 193
37 120 138 180
37 129 102 136
37 132 88 120
37 139 122 133
37 140 51 169
37 140 76 98
37 141 113 176
37 142 89 162
37 160 57 68
37 162 68 107
37 163 58 126
37 171 39 41
37 174 173 181
37 192 125 170
37 196 41 73
38 44 109 167
38 53 48 145
38 57 48 127
38 57 94 107
38 61 58 125
38 62 39 101
38 84 86 165
38 84 121 174
38 105 110 118
38 122 72 194
38 130 136 149
38 138 103 104
38 138 132 148
38 142 68 164
38 146 43 94
38 148 68 150
38 150 107 154
38 156 124 144
38 160 94 162
38 169 51 141
38 170 171 177
38 173 106 163
38 180 157 188
38 188 160 178
38 190 57 93
38 198 87 134
39 50 82 142
39 51 76 119
39 53 57 86
39 77 150 186
39 78 142 198
39 96 119 137
39 97 60 125
39 98 119 169
39 98 164 185
39 109 67 189
39 113 121 168
39 122 111 114
39 124 103 110
39 137 164 179
39 145 86 127
39 148 53 64
39 151 99 181
39 153 73 144
39 153 106 134
39 154 90 107
39 177 57 169
39 179 92 100
39 183 42 187
39 185 67 147
39 189 77 180
39 192 76 90
39 194 43 126
39 196 73 171
39 198 126 196
40 44 124 147
40 45 113 148
40 45 135 192
40 48 120 155
40 49 174 193
40 50 78 133
40 50 94 182
40 51 41 125
40 59 109 127
40 66 43 99
40 78 103 177
40 82 133 198
40 83 181 196
40 92 42 141
40 99 48 152
40 102 51 198
40 108 70 82
40 117 113 165
40 123 105 120
40 131 89 181
40 134 41 157
40 135 57 130
40 136 50 160
40 143 47 61
40 147 45 103
40 150 49 110
40 163 42 174
40 178 83 168
40 182 42 150
40 184 89 181
40 187 41 69
40 191 87 135
40 192 85 88
40 199 56 159
41 43 72 152
41 46 91 173
41 50 56 126
41 64 69 113
41 71 120 173
41 72 63 142
41 74 48 114
41 88 43 149
41 92 116 142
41 97 59 64
41 98 81 197
41 99 62 192
41 99 93 128
41 105 93 157
41 106 68 192
41 110 129 152
41 111 62 198
41 112 63 127
41 117 95 151
41 121 82 160
41 128 79 160
41 139 82 126
41 140 130 145
41 145 74 97
41 156 91 183
41 159 107 130
41 165 89 137
41 166 49 91
41 167 120 178
41 168 78 172
41 172 42 92
41 175 56 179
41 176 106 175
41 176 141 144
41 178 57 69
41 183 98 124
41 187 157 177
41 194 97 192
41 195 89 168
42 45 59 87
42 49 163 193
42 72 56 186
42 72 118 134
42 75 67 195
42 76 119 178
42 78 95 155
42 78 124 176
42 91 149 195
42 98 79 153
42 102 81 131
42 102 81 184
42 104 141 179
42 109 78 176
42 116 45 127
42 135 103 116
42 135 107 131
42 135 107 184
42 138 70 117
42 147 84 162
42 152 107 142
42 159 86 111
42 166 87 151
42 173 53 74
42 183 51 65
42 190 46 68
43 45 124 169
43 46 131 149
43 46 149 184
43 48 73 81
43 48 111 195
43 51 178 193
43 57 107 146
43 82 48 193
43 96 58 64
43 96 108 110
43 98 87 97
43 129 72 110
43 141 70 125
43 143 142 166
43 151 47 101
43 154 96 180
43 160 146 162
43 169 94 198
43 171 73 121
43 175 95 120
43 182 74 90
43 183 48 81
43 185 168 192
43 186 167 171
43 191 57 192
43 198 194 196
44 48 86 156
44 57 120 183
44 72 58 87
44 78 104 179
44 82 58 175
44 83 46 103
44 83 112 117
44 90 108 140
44 92 104 193
44 105 58 159
44 106 64 191
44 109 170 174
44 114 52 137
44 121 173 180
44 124 64 197
44 131 48 177
44 132 51 89
44 133 56 79
44 134 173 195
44 139 102 138
44 147 56 173
44 154 71 185
44 165 46 47
44 179 46 74
44 184 48 177
44 185 150 151
44 190 98 185
44 193 117 123
44 196 174 188
45 48 141 166
45 68 56 131
45 68 56 184
45 74 61 139
45 75 98 158
45 78 61 189
45 78 147 177
45 87 191 192
45 89 80 159
45 97 79 166
45 115 99 166
45 115 108 153
45 121 71 120
45 121 136 183
45 136 107 150
45 141 61 151
45 151 59 166
45 155 123 197
45 160 118 137
45 165 117 148
45 180 72 114
45 188 77 186
45 188 91 97
45 193 134 166
45 196 99 185
46 49 166 173
46 59 138 189
46 62 134 183
46 65 50 96
46 65 61 116
46 66 107 169
46 73 52 110
46 78 59 174
46 83 95 139
46 89 175 198
46 94 69 151
46 100 78 153
46 103 112 117
46 110 151 192
46 113 145 182
46 117 175 189
46 120 71 91
46 120 109 193
46 126 61 138
46 128 122 196
46 128 127 148
46 132 65 124
46 152 60 104
46 160 134 194
46 162 61 168
46 164 99 183
46 183 156 173
46 186 53 133
46 192 104 147
47 57 50 75
47 58 85 107
47 67 86 121
47 69 83 192
47 71 60 150
47 83 103 165
47 86 55 61
47 93 126 130
47 94 83 110
47 99 53 142
47 103 62 69
47 104 82 139
47 106 140 171
47 124 73 116
47 126 72 82
47 139 58 123
47 149 97 131
47 149 97 184
47 159 92 129
47 161 97 170
47 164 110 125
47 170 74 85
47 179 74 165
47 181 56 99
48 51 82 178
48 57 76 95
48 59 141 151
48 60 68 114
48 67 68 124
48 73 107 121
48 78 68 173
48 79 97 141
48 80 61 176
48 82 83 185
48 85 114 130
48 91 75 191
48 91 146 189
48 99 68 144
48 99 115 141
48 101 59 188
48 105 80 188
48 105 123 155
48 108 113 137
48 121 81 171
48 121 123 164
48 123 76 151
48 127 94 107
48 128 92 162
48 134 141 193
48 141 118 153
48 149 67 191
48 153 118 175
48 154 118 148
48 154 130 176
48 160 89 180
48 170 51 104
48 176 67 185
48 178 87 94
48 178 180 194
48 180 70 103
48 180 168 196
48 186 51 127
48 191 78 126
49 53 109 135
49 59 96 102
49 64 126 192
49 74 95 177
49 85 122 197
49 89 153 183
49 97 108 183
49 100 52 144
49 106 58 91
49 111 86 154
49 115 168 177
49 122 77 185
49 127 76 156
49 140 116 154
49 145 59 130
49 152 91 165
49 156 166 183
49 160 99 108
49 168 96 111
49 169 50 77
49 179 108 148
49 181 84 141
49 188 64 151
49 193 61 74
49 196 98 152
50 51 58 110
50 57 55 156
50 61 140 183
50 70 123 149
50 79 51 138
50 79 64 189
50 81 157 166
50 82 56 139
50 87 99 104
50 90 52 141
50 93 143 149
50 96 61 116
50 109 139 166
50 117 72 148
50 119 105 141
50 120 99 137
50 122 169 185
50 127 60 155
50 133 125 175
50 138 159 190
50 146 157 176
50 151 102 187
50 158 124 145
50 167 117 188
50 168 160 197
50 169 69 197
50 173 58 189
50 176 131 135
50 176 135 184
50 179 126 175
50 198 78 82
51 52 105 192
51 54 115 143
51 58 104 115
51 69 125 187
51 71 155 156
51 74 70 126
51 82 102 133
51 85 77 106
51 90 119 192
51 93 80 120
51 101 94 187
51 108 94 197
51 110 52 66
51 111 89 106
51 115 56 142
51 116 112 185
51 120 78 127
51 123 137 157
51 128 100 164
51 133 52 167
51 137 76 96
51 138 64 189
51 157 125 134
51 162 69 73
51 169 76 98
51 189 110 173
51 192 124 135
51 194 90 159
51 197 116 159
52 54 59 102
52 63 187 197
52 76 64 194
52 76 68 147
52 81 60 85
52 84 102 122
52 90 111 163
52 97 70 85
52 113 89 165
52 115 106 135
52 118 121 191
52 119 90 105
52 122 80 198
52 123 74 129
52 124 65 74
52 132 70 112
52 132 94 153
52 133 117 193
52 142 125 131
52 142 125 184
52 151 137 198
52 152 125 135
52 153 54 79
52 192 116 149
52 199 129 163
53 55 141 155
53 57 106 137
53 75 90 100
53 75 95 133
53 84 54 191
53 87 93 155
53 88 97 110
53 97 120 170
53 120 103 166
53 121 117 157
53 122 59 191
53 122 116 147
53 125 112 159
53 127 57 145
53 131 74 147
53 141 147 155
53 149 92 182
53 149 112 163
53 169 86 177
53 180 88 126
53 184 74 147
53 192 126 156
53 199 98 108
54 59 149 166
54 69 80 193
54 70 72 130
54 76 103 190
54 76 110 165
54 88 56 133
54 88 79 112
54 94 56 118
54 94 78 158
54 100 174 196
54 102 80 140
54 104 58 143
54 113 123 169
54 116 108 177
54 122 59 84
54 133 158 182
54 134 140 145
54 142 91 120
54 144 130 192
54 151 116 192
54 159 145 170
54 163 138 170
54 175 122 198
54 188 75 169
54 188 119 149
54 193 68 148
55 63 111 130
55 82 71 132
55 88 125 162
55 93 87 141
55 109 83 143
55 110 100 195
55 121 106 167
55 126 68 187
55 131 171 187
55 136 100 152
55 138 133 192
55 141 111 193
55 145 106 136
55 155 83 134
55 159 158 176
55 168 62 106
55 168 68 99
55 169 123 124
55 171 115 132
55 174 101 199
55 176 110 136
55 184 171 187
55 185 173 186
55 187 144 178
55 190 107 139
55 190 131 184
55 198 108 178
56 60 76 78
56 70 85 103
56 71 102 179
56 72 77 127
56 76 183 186
56 85 143 176
56 95 93 111
56 96 84 153
56 109 82 166
56 110 99 140
56 114 76 173
56 116 89 150
56 118 78 158
56 121 147 180
56 124 81 159
56 129 64 109
56 130 113 177
56 133 79 112
56 134 147 195
56 147 112 173
56 160 64 70
56 177 96 165
56 186 118 134
56 194 137 176
57 58 62 170
57 61 90 114
57 64 113 178
57 77 113 182
57 78 150 188
57 88 64 196
57 91 114 125
57 95 64 79
57 95 157 194
57 98 119 177
57 102 142 150
57 102 148 164
57 104 63 111
57 107 62 74
57 122 74 82
57 129 73 182
57 138 92 130
57 140 174 180
57 151 95 123
57 154 94 150
57 161 83 189
57 161 125 143
57 162 107 160
57 165 136 144
57 176 149 168
57 179 91 155
57 181 65 171
57 182 96 115
57 185 168 191
57 194 139 195
57 198 60 140
58 62 93 172
58 64 108 110
58 66 65 152
58 67 92 97
58 68 127 185
58 74 107 170
58 75 118 149
58 79 64 173
58 82 155 166
58 97 118 143
58 99 171 189
58 101 162 166
58 118 59 99
58 119 118 169
58 124 93 120
58 128 172 192
58 128 181 193
58 133 64 147
58 139 141 150
58 150 138 143
58 152 106 165
58 165 78 135
58 168 79 90
58 176 99 174
58 188 76 176
59 61 126 189
59 62 72 86
59 67 88 139
59 69 100 116
59 72 100 154
59 73 89 134
59 75 130 171
59 76 123 141
59 80 63 175
59 86 124 183
59 88 74 134
59 92 83 191
59 95 104 136
59 97 79 151
59 105 80 101
59 106 89 144
59 107 108 181
59 111 102 168
59 113 83 85
59 115 99 151
59 119 166 188
59 120 94 177
59 141 89 175
59 148 130 174
59 149 140 187
59 154 98 194
59 158 72 87
59 162 62 165
59 165 71 159
59 175 117 138
59 176 118 174
59 187 85 123
59 191 116 147
59 193 134 151
60 61 67 197
60 63 150 157
60 64 141 171
60 66 73 101
60 93 116 118
60 97 70 81
60 107 146 165
60 124 67 114
60 130 68 85
60 130 82 110
60 135 73 98
60 136 87 196
60 144 99 114
60 158 76 118
60 173 78 114
60 174 137 159
60 176 66 102
60 192 147 152
61 69 134 185
61 83 157 191
61 88 101 153
61 92 168 170
61 109 177 185
61 114 124 197
61 115 136 169
61 120 117 181
61 125 90 91
61 148 96 116
61 149 87 116
61 149 117 165
61 152 73 190
61 154 80 130
61 155 107 185
61 160 165 196
61 189 147 177
61 196 91 124
62 64 115 157
62 65 89 100
62 67 119 186
62 72 121 181
62 85 98 171
62 87 86 158
62 99 134 164
62 106 68 99
62 109 64 80
62 115 164 193
62 120 124 172
62 121 167 168
62 122 82 107
62 135 156 186
62 145 132 153
62 145 136 168
62 169 160 191
62 177 150 171
62 192 93 128
62 194 79 115
62 194 97 99
62 194 160 183
63 66 119 198
63 68 146 173
63 74 169 192
63 75 79 181
63 79 109 113
63 83 131 159
63 83 159 184
63 92 69 154
63 92 72 116
63 92 123 147
63 97 71 131
63 97 71 184
63 110 122 134
63 113 110 161
63 123 135 179
63 135 117 185
63 136 69 183
63 136 70 163
63 141 80 89
63 145 169 194
63 186 75 183
63 193 130 141
63 196 89 159
64 74 117 172
64 79 157 194
64 92 167 194
64 93 145 153
64 98 111 122
64 98 158 173
64 101 132 159
64 114 86 112
64 115 94 181
64 133 99 168
64 140 103 122
64 145 83 87
64 172 111 127
64 182 77 178
64 194 68 147
65 71 93 153
65 84 131 150
65 84 150 184
65 95 155 169
65 103 94 144
65 108 155 185
65 112 118 130
65 123 124 129
65 133 142 199
65 134 163 172
65 138 116 126
65 145 75 173
65 153 110 122
65 160 75 87
65 168 116 162
65 170 79 148
65 180 99 106
65 182 93 169
65 182 151 154
66 71 79 136
66 84 127 177
66 96 82 120
66 96 150 160
66 98 101 135
66 104 75 122
66 104 94 199
66 114 81 178
66 115 120 160
66 133 110 167
66 137 72 92
66 138 85 160
66 156 111 149
66 175 131 168
66 175 168 184
66 177 121 161
66 182 143 146
66 183 79 120
66 194 155 168
67 75 125 180
67 80 120 135
67 81 125 136
67 82 83 176
67 91 75 149
67 98 148 162
67 100 89 188
67 104 99 130
67 120 118 157
67 138 137 152
67 144 99 124
67 156 119 135
67 172 162 196
67 173 78 124
67 174 90 187
68 80 71 125
68 85 82 110
68 91 83 181
68 106 70 94
68 108 105 136
68 131 126 171
68 144 115 141
68 175 169 195
68 183 73 170
68 184 126 171
68 188 73 103
68 194 97 106
69 93 114 165
69 94 101 125
69 100 90 119
69 103 81 127
69 107 134 155
69 109 126 199
69 110 94 192
69 116 91 137
69 123 180 182
69 133 127 129
69 134 108 171
69 134 157 187
69 136 86 106
69 137 81 135
69 137 102 107
69 140 102 193
69 147 100 191
69 153 123 159
69 154 72 116
69 154 123 147
69 168 160 169
69 169 111 183
69 172 124 164
69 174 96 123
69 177 109 134
69 177 143 155
69 183 70 163
69 186 73 113
69 186 75 136
69 186 81 180
70 72 111 155
70 86 94 151
70 103 168 196
70 105 179 196
70 112 94 153
70 119 86 171
70 129 109 160
70 131 91 134
70 135 171 182
70 143 93 123
70 153 107 126
70 158 73 105
70 179 95 145
70 184 91 134
70 185 76 166
70 185 125 177
70 192 72 144
70 196 76 115
71 83 97 159
71 91 109 193
71 107 106 170
71 120 136 183
71 122 109 192
71 124 91 151
71 128 89 113
71 138 84 135
71 169 153 182
71 171 82 115
71 171 96 160
71 178 167 173
71 190 98 154
71 197 84 199
72 85 145 156
72 96 81 163
72 96 108 129
72 102 120 185
72 104 126 139
72 116 123 147
72 120 141 168
72 126 125 147
72 127 112 142
72 146 125 195
72 159 87 105
72 166 130 140
72 175 82 87
72 179 133 147
72 183 140 176
73 74 88 89
73 76 115 167
73 77 113 129
73 81 111 195
73 84 106 169
73 94 121 127
73 113 75 136
73 113 81 180
73 129 127 169
73 139 87 168
73 144 106 134
73 150 191 195
73 151 89 193
73 175 134 141
73 175 146 156
74 83 103 179
74 83 105 168
74 88 158 181
74 103 106 118
74 105 132 143
74 108 133 191
74 111 93 167
74 122 116 131
74 122 116 184
74 141 131 155
74 141 155 184
74 151 139 141
74 158 151 188
74 168 95 115
74 172 112 158
74 189 78 139
74 189 129 175
74 190 77 181
74 193 88 151
74 194 105 129
74 194 145 192
74 199 123 163
75 113 123 188
75 114 82 146
75 122 94 199
75 131 87 88
75 135 97 168
75 136 81 180
75 143 97 149
75 156 83 179
75 169 119 149
75 174 77 172
75 174 148 171
75 177 92 135
75 184 87 88
75 191 146 189
76 77 83 177
76 85 141 187
76 87 121 144
76 93 116 158
76 147 112 114
76 154 107 192
76 161 118 156
76 163 80 152
76 165 90 110
76 166 125 177
76 181 86 157
76 194 131 133
76 194 133 184
77 88 123 165
77 88 158 190
77 111 85 89
77 112 79 199
77 112 90 161
77 125 83 166
77 128 86 91
77 136 89 104
77 140 117 197
77 146 82 136
77 164 94 166
77 172 148 171
77 186 91 97
77 189 143 166
77 198 139 143
78 94 154 188
78 106 105 131
78 106 105 184
78 117 91 170
78 133 94 182
78 139 129 175
78 142 102 188
78 144 99 173
78 151 141 189
78 163 85 139
78 188 83 86
78 193 92 179
79 88 95 196
79 96 82 183
79 115 97 99
79 115 160 183
79 121 82 128
79 127 86 164
79 129 111 161
79 138 87 93
79 139 124 185
79 147 133 173
79 164 152 181
79 167 92 157
79 167 131 160
79 167 160 184
79 193 97 134
79 199 90 161
80 86 139 194
80 107 92 161
80 119 120 156
80 134 102 145
80 151 122 137
80 162 106 192
80 188 123 155
80 196 141 159
81 82 183 193
81 107 91 101
81 109 84 131
81 109 84 184
81 123 182 186
81 133 103 129
81 135 102 107
81 136 116 180
81 139 109 157
81 151 135 145
81 163 108 129
81 170 86 122
81 171 123 164
81 176 146 166
81 191 111 150
81 192 84 178
81 198 104 119
82 95 195 197
82 114 149 151
82 115 96 160
82 120 150 160
82 132 141 195
82 147 105 148
82 155 156 168
82 159 105 175
82 161 116 137
82 162 101 155
82 164 118 123
82 176 112 156
82 191 114 189
82 198 97 199
83 88 100 127
83 89 131 196
83 89 184 196
83 96 118 170
83 123 112 193
83 129 168 194
83 164 94 125
83 187 113 123
83 189 125 143
84 94 124 194
84 106 113 199
84 127 106 129
84 128 105 145
84 134 144 169
84 148 173 182
84 180 87 124
84 186 154 196
85 92 113 191
85 96 138 150
85 97 96 181
85 99 90 140
85 101 93 134
85 110 91 169
85 115 120 138
85 121 93 178
85 132 97 112
85 136 104 111
85 137 143 194
85 142 105 123
85 145 131 183
85 145 183 184
85 150 98 177
85 154 117 173
85 157 136 198
85 162 103 199
85 176 114 154
85 179 165 170
86 96 149 199
86 102 115 174
86 107 180 185
86 117 158 197
86 135 119 182
86 140 111 116
86 153 112 151
86 163 89 98
86 165 121 174
86 170 126 147
86 186 97 128
86 190 148 155
87 94 180 194
87 116 117 165
87 125 130 186
87 127 107 178
87 137 104 120
87 145 160 173
87 147 93 141
87 148 96 149
87 152 132 151
87 155 96 167
87 175 100 143
87 179 118 163
88 112 172 181
88 118 94 133
88 128 94 146
88 148 161 195
88 156 96 188
88 158 188 193
88 161 144 155
88 173 151 155
88 192 156 180
89 96 117 135
89 108 97 153
89 108 99 156
89 122 102 176
89 125 145 158
89 133 135 162
89 149 138 158
89 161 104 181
89 161 110 197
89 166 117 139
89 166 153 156
89 176 167 197
89 178 160 194
89 189 117 198
89 196 94 123
90 100 95 133
90 124 104 188
90 129 111 199
90 139 110 191
90 139 159 179
90 156 107 189
90 165 118 185
90 165 143 178
90 196 124 125
90 197 116 194
91 113 131 134
91 113 134 184
91 114 196 197
91 143 114 161
91 152 121 126
91 152 139 160
91 153 157 197
91 176 115 138
91 181 98 127
91 181 122 172
91 192 122 193
91 195 113 136
92 112 95 119
92 112 108 164
92 134 106 181
92 134 139 188
92 150 112 174
92 150 141 182
92 153 99 198
92 153 111 192
92 156 97 198
92 157 131 160
92 157 160 184
92 166 108 198
92 168 119 124
92 174 141 163
92 182 112 163
92 183 136 154
92 190 187 198
93 95 155 182
93 146 119 144
93 169 151 154
93 187 105 177
93 196 164 199
94 102 142 154
94 169 121 129
94 189 143 164
94 190 134 140
95 117 110 199
95 119 108 164
95 141 132 197
95 155 124 176
95 164 106 193
95 168 112 124
95 176 116 125
95 176 123 126
95 185 108 169
96 120 115 150
96 128 121 183
96 139 135 166
96 153 159 174
96 154 147 174
96 158 156 193
96 162 117 133
96 169 98 137
96 170 143 191
96 193 101 143
96 198 135 189
97 99 160 183
97 125 114 121
97 138 118 150
97 148 179 183
97 153 99 156
97 166 108 156
97 169 119 143
97 190 156 187
97 196 155 195
98 103 111 140
98 123 114 138
98 127 122 172
98 162 99 129
98 179 137 185
98 183 109 117
98 196 148 172
99 126 168 187
99 157 105 128
99 166 108 153
99 179 148 160
99 190 153 187
99 193 115 134
99 198 111 192
100 102 117 124
100 108 138 178
100 114 163 186
100 119 131 186
100 119 184 186
100 123 102 146
100 166 116 145
100 171 112 127
100 175 152 161
101 132 111 160
101 158 142 181
101 162 125 196
101 170 191 193
101 178 121 134
101 197 108 187
101 197 144 198
102 121 115 165
102 180 118 141
102 186 108 121
102 195 107 153
103 104 132 148
103 116 107 131
103 116 107 184
103 123 110 158
103 130 156 160
103 135 127 137
103 137 113 155
103 152 158 172
103 156 128 163
103 163 108 133
103 179 105 168
103 180 127 186
103 183 129 195
103 183 170 188
103 190 110 165
104 118 174 195
104 124 130 144
104 125 151 181
104 127 115 140
104 152 178 182
104 167 125 129
104 171 128 150
104 181 110 197
104 186 127 170
105 129 145 192
105 143 116 144
105 143 130 151
105 164 121 155
105 185 113 189
105 189 175 194
105 193 138 180
106 113 132 179
106 131 169 196
106 151 167 174
106 152 115 125
106 175 141 144
106 176 110 145
106 181 139 188
106 184 169 196
106 197 124 191
107 109 155 177
107 139 131 184
107 140 137 193
107 140 145 159
107 143 134 177
107 167 118 172
107 182 138 141
108 136 123 131
108 136 123 184
108 141 126 149
108 171 157 187
108 172 131 195
108 172 184 195
108 187 144 198
108 190 166 187
109 118 124 182
109 134 143 155
109 147 185 189
109 159 144 173
109 159 151 161
109 176 117 191
109 178 131 192
109 178 184 192
109 188 170 196
110 137 175 193
110 152 123 172
110 152 136 195
110 155 180 183
110 176 161 167
110 191 159 179
111 121 193 196
111 122 158 173
111 131 162 183
111 167 115 162
111 184 162 183
112 118 129 188
112 149 177 180
112 155 168 176
112 174 141 182
112 198 164 166
113 117 181 194
113 148 135 192
113 183 153 159
113 187 192 193
113 190 175 176
113 198 162 173
114 131 119 163
114 141 121 190
114 145 133 175
114 157 153 196
114 173 135 182
114 184 119 163
115 131 167 183
115 184 167 183
115 185 166 196
115 187 161 180
116 125 123 126
116 133 123 179
116 141 122 155
116 144 130 151
116 161 130 173
117 139 153 156
117 160 149 196
117 196 134 145
118 146 128 133
118 148 130 176
118 185 143 178
119 169 164 185
119 199 124 151
120 144 139 158
120 165 149 181
120 181 159 195
120 187 128 189
121 122 172 190
121 126 139 160
121 136 145 167
121 195 134 180
122 196 127 148
123 165 158 190
123 172 136 195
125 130 127 182
125 138 145 149
125 157 178 195
125 163 149 159
125 179 126 133
125 192 127 199
126 136 132 190
126 153 168 190
126 168 138 162
126 185 130 137
126 194 140 149
126 195 146 147
127 166 141 149
127 175 183 188
129 195 170 188
130 180 132 198
130 183 166 176
130 199 182 192
131 152 135 142
131 161 149 170
131 170 150 155
131 194 155 175
132 153 136 168
132 182 134 159
134 141 146 156
134 170 140 159
135 142 152 184
135 149 143 168
135 173 169 197
135 181 136 175
135 186 137 180
135 187 148 193
135 197 138 199
136 165 161 171
137 193 145 159
137 195 165 168
138 159 145 163
138 168 165 181
138 171 146 161
139 189 166 198
140 152 146 199
141 148 153 154
142 150 148 164
142 182 157 183
144 164 179 186
144 173 151 161
144 196 153 171
145 189 174 181
147 153 154 159
147 175 148 159
147 188 172 198
148 153 154 175
148 167 149 155
149 170 161 184
149 185 176 191
150 155 170 184
150 163 174 182
150 194 170 175
155 175 184 194
155 176 165 193
157 190 166 171
158 198 160 161
165 182 191 198
168 179 188 189
169 183 191 194
172 192 181 193
