3170
0 1 21 27
0 1 29 69
0 1 89 94
0 2 28 73
0 4 36 72
0 6 7 43
0 7 5 64
0 7 12 53
0 7 33 49
0 7 42 64
0 8 4 35
0 8 17 76
0 9 8 31
0 11 16 20
0 11 30 88
0 11 35 57
0 13 21 67
0 13 35 56
0 14 36 64
0 15 36 63
0 16 2 5
0 16 2 42
0 16 19 80
0 16 20 22
0 16 62 98
0 18 3 45
0 18 57 98
0 19 36 61
0 21 60 90
0 22 10 78
0 23 62 90
0 25 1 49
0 25 2 92
0 26 35 82
0 27 55 96
0 27 56 99
0 28 8 21
0 28 95 98
0 29 17 44
0 30 6 71
0 31 14 95
0 31 44 87
0 32 19 89
0 32 41 87
0 32 46 87
0 33 8 51
0 33 40 74
0 34 43 61
0 34 50 73
0 35 24 56
0 37 3 97
0 37 4 69
0 38 10 80
0 38 14 97
0 40 33 68
0 41 48 67
0 44 11 30
0 44 28 60
0 45 26 94
0 46 48 67
0 47 20 44
0 47 36 75
0 48 26 85
0 50 12 73
0 50 17 65
0 51 4 5
0 51 4 42
0 51 20 75
0 51 55 89
0 53 69 77
0 54 24 88
0 55 88 90
0 56 20 92
0 58 35 87
0 60 26 99
0 61 54 83
0 62 4 13
0 62 8 56
0 65 71 92
0 66 7 58
0 66 16 61
0 69 6 85
0 69 58 93
0 69 76 91
0 70 75 87
0 72 3 51
0 72 30 82
0 72 31 43
0 73 55 87
0 74 11 73
0 75 28 29
0 76 51 58
0 78 2 27
0 78 32 72
0 78 58 66
0 79 18 97
0 79 37 45
0 79 63 92
0 80 18 52
0 80 27 58
0 84 11 29
0 85 2 34
0 86 55 84
0 89 19 44
0 90 17 63
0 92 2 52
0 92 4 9
0 92 83 93
0 93 3 41
0 93 3 46
0 93 8 94
0 93 51 91
0 95 52 54
0 97 6 53
0 97 8 32
0 98 17 26
1 2 21 78
1 3 14 47
1 3 33 73
1 3 59 98
1 3 67 81
1 4 29 37
1 6 5 62
1 6 13 51
1 6 42 62
1 7 25 33
1 8 27 28
1 8 89 93
1 11 69 84
1 12 32 66
1 12 56 62
1 15 4 80
1 15 34 79
1 19 22 55
1 19 32 94
1 20 48 95
1 20 55 80
1 21 11 47
1 24 47 58
1 26 45 89
1 28 23 59
1 28 69 75
1 32 16 75
1 32 22 51
1 34 8 39
1 34 18 40
1 34 32 99
1 34 64 95
1 35 83 97
1 36 13 77
1 36 34 92
1 36 52 85
1 37 7 70
1 37 38 47
1 37 41 65
1 37 46 65
1 39 31 84
1 48 8 9
1 48 35 92
1 49 2 92
1 50 9 83
1 54 8 37
1 54 14 80
1 54 19 78
1 55 12 83
1 55 18 80
1 55 22 85
1 55 51 94
1 57 30 75
1 57 45 59
1 58 21 80
1 59 9 38
1 60 40 70
1 60 56 59
1 61 41 57
1 61 46 57
1 62 41 79
1 62 46 79
1 63 6 93
1 63 72 80
1 64 30 86
1 64 57 79
1 67 9 86
1 67 13 27
1 68 55 66
1 70 67 80
1 71 68 75
1 72 11 16
1 76 16 96
1 77 6 99
1 77 22 98
1 77 29 53
1 78 13 79
1 80 13 41
1 80 13 46
1 82 16 88
1 82 32 35
1 82 41 58
1 82 46 58
1 83 5 51
1 83 39 67
1 83 42 51
1 85 58 62
1 85 79 82
1 86 75 79
1 87 9 91
1 87 11 99
1 87 86 98
1 88 6 31
1 88 7 72
1 88 35 75
1 89 75 80
1 91 12 35
1 91 19 33
1 91 49 75
1 91 55 97
1 91 66 82
1 93 6 62
1 94 5 12
1 94 6 56
1 94 8 33
1 94 12 42
1 94 70 95
1 97 22 33
2 3 15 54
2 5 19 80
2 5 20 22
2 5 62 98
2 7 10 97
2 7 16 64
2 7 26 67
2 8 70 71
2 10 14 74
2 11 28 74
2 12 6 10
2 12 28 50
2 13 31 60
2 13 50 52
2 17 15 81
2 18 17 37
2 19 14 58
2 19 21 54
2 22 35 59
2 23 11 26
2 23 77 97
2 24 19 98
2 24 55 77
2 25 10 22
2 25 39 45
2 26 43 65
2 27 32 72
2 27 58 66
2 29 20 67
2 29 55 70
2 29 58 69
2 29 73 75
2 32 7 98
2 35 47 90
2 36 34 49
2 37 22 24
2 37 29 48
2 38 22 58
2 38 44 63
2 38 56 83
2 39 13 87
2 39 56 58
2 40 47 94
2 40 82 97
2 41 5 30
2 41 30 42
2 41 40 50
2 41 58 79
2 42 19 80
2 42 20 22
2 42 62 98
2 45 17 97
2 46 5 30
2 46 30 42
2 46 40 50
2 46 58 79
2 47 15 80
2 47 84 87
2 48 19 53
2 48 35 49
2 50 28 34
2 51 4 16
2 51 13 81
2 51 54 96
2 52 4 9
2 52 83 93
2 53 11 19
2 53 71 76
2 56 5 10
2 56 10 42
2 56 20 25
2 56 71 84
2 57 24 76
2 57 29 34
2 59 50 56
2 59 51 88
2 60 30 74
2 60 31 55
2 60 36 67
2 60 44 73
2 61 58 64
2 63 10 48
2 64 15 29
2 65 19 40
2 65 25 71
2 66 23 53
2 69 40 98
2 69 41 43
2 69 43 46
2 71 17 50
2 72 71 95
2 75 4 22
2 75 53 56
2 75 63 80
2 76 14 52
2 77 3 35
2 79 25 63
2 80 18 92
2 80 58 78
2 83 20 32
2 83 57 88
2 84 7 48
2 84 63 97
2 84 74 75
2 85 8 90
2 85 50 77
2 86 10 96
2 88 18 99
2 88 36 69
2 89 15 22
2 91 20 74
2 93 67 68
2 95 33 71
2 95 54 92
2 95 61 93
2 97 30 76
2 97 74 80
2 98 43 50
2 99 48 63
3 6 45 71
3 7 17 38
3 7 24 92
3 8 21 90
3 8 73 94
3 11 14 21
3 15 87 90
3 19 73 91
3 21 15 19
3 22 12 58
3 22 49 70
3 22 54 89
3 22 56 85
3 22 59 77
3 22 73 97
3 23 12 43
3 23 28 98
3 23 55 83
3 25 7 73
3 25 50 53
3 27 35 74
3 28 68 99
3 29 53 87
3 29 54 64
3 29 63 82
3 32 87 93
3 33 8 72
3 33 9 43
3 33 50 83
3 36 17 87
3 37 34 35
3 37 82 99
3 38 14 37
3 38 39 85
3 39 26 49
3 39 81 83
3 41 8 94
3 41 51 91
3 45 57 98
3 46 8 94
3 46 51 91
3 47 17 70
3 48 49 77
3 51 30 82
3 51 31 43
3 52 23 90
3 52 34 69
3 53 4 85
3 53 20 61
3 56 60 98
3 58 14 24
3 61 17 74
3 62 83 88
3 65 11 43
3 65 58 99
3 66 40 87
3 69 19 57
3 76 21 63
3 76 58 72
3 78 5 34
3 78 34 42
3 78 55 65
3 79 18 37
3 80 6 91
3 80 47 54
3 80 50 64
3 80 70 81
3 81 17 54
3 83 58 85
3 84 80 90
3 86 53 74
3 86 59 87
3 88 10 90
3 92 15 95
3 92 69 85
3 93 72 91
3 94 17 57
3 94 43 48
3 94 58 68
3 96 11 58
3 96 13 17
3 96 15 51
3 96 52 71
3 97 4 69
3 99 24 74
4 5 20 75
4 5 55 89
4 6 9 90
4 7 35 47
4 7 51 64
4 8 29 54
4 9 83 93
4 11 8 57
4 12 16 54
4 12 21 60
4 13 8 56
4 14 57 90
4 16 13 81
4 16 54 96
4 18 19 61
4 18 63 85
4 19 20 63
4 20 15 55
4 21 49 99
4 22 53 56
4 22 63 80
4 24 43 49
4 25 10 75
4 25 14 84
4 26 8 82
4 26 10 61
4 27 61 76
4 29 43 59
4 29 56 98
4 30 48 88
4 31 5 55
4 31 42 55
4 31 83 94
4 32 36 78
4 33 10 38
4 33 11 28
4 33 25 58
4 35 17 76
4 37 24 75
4 38 12 30
4 38 21 89
4 38 35 70
4 38 39 53
4 38 58 75
4 39 16 98
4 40 44 85
4 42 20 75
4 42 55 89
4 43 49 71
4 43 68 91
4 44 13 82
4 44 26 56
4 44 58 80
4 45 82 93
4 47 18 39
4 49 63 81
4 50 43 93
4 51 11 21
4 52 34 97
4 53 37 77
4 53 87 95
4 54 14 15
4 55 15 18
4 58 8 87
4 58 15 21
4 58 48 91
4 59 25 81
4 59 74 95
4 61 19 72
4 61 28 90
4 61 73 93
4 62 21 59
4 63 15 72
4 64 14 72
4 65 14 56
4 65 34 89
4 66 64 76
4 67 12 99
4 67 25 98
4 67 34 66
4 70 14 23
4 70 15 67
4 70 40 68
4 70 45 61
4 71 14 20
4 71 54 55
4 74 83 98
4 75 16 21
4 75 47 72
4 76 33 87
4 76 44 54
4 76 48 93
4 77 14 68
4 78 31 83
4 80 34 79
4 83 26 63
4 83 53 58
4 84 13 18
4 85 20 61
4 88 45 87
4 89 15 75
4 89 16 58
4 89 30 60
4 89 34 86
4 89 47 63
4 91 24 26
4 92 23 50
4 92 33 55
4 92 53 69
4 92 85 97
4 93 17 78
4 95 43 96
4 95 58 65
4 96 9 18
4 97 61 67
5 6 13 83
5 7 32 62
5 7 56 97
5 8 10 86
5 8 35 51
5 9 44 76
5 10 20 25
5 10 71 84
5 11 25 64
5 11 53 80
5 12 6 56
5 12 8 33
5 12 70 95
5 14 7 36
5 14 26 60
5 14 71 75
5 15 19 47
5 15 20 89
5 16 29 33
5 16 60 79
5 17 53 82
5 19 8 35
5 19 24 62
5 19 47 85
5 20 15 31
5 21 38 55
5 21 54 79
5 24 20 37
5 25 16 92
5 25 22 56
5 26 25 85
5 26 72 95
5 30 40 50
5 30 58 79
5 31 29 52
5 31 40 45
5 32 22 83
5 32 60 86
5 33 89 92
5 34 55 65
5 35 30 95
5 35 49 79
5 36 12 81
5 36 18 30
5 36 29 82
5 37 35 78
5 37 51 69
5 37 76 93
5 40 13 37
5 40 62 69
5 40 65 80
5 41 23 97
5 41 42 46
5 42 23 76
5 42 31 89
5 43 70 90
5 44 9 23
5 44 12 33
5 45 11 65
5 45 40 53
5 45 96 99
5 46 23 97
5 46 41 42
5 48 10 67
5 49 8 53
5 49 58 95
5 50 29 60
5 51 39 67
5 52 69 78
5 53 28 39
5 53 48 80
5 54 71 89
5 55 83 94
5 56 11 52
5 57 58 86
5 58 20 38
5 58 28 64
5 59 11 13
5 60 38 88
5 60 41 74
5 60 46 74
5 61 75 85
5 61 82 86
5 62 13 51
5 63 19 75
5 63 47 61
5 63 48 56
5 64 12 53
5 64 33 49
5 65 44 60
5 67 22 29
5 67 38 69
5 67 39 92
5 68 17 86
5 68 36 59
5 68 53 61
5 70 28 44
5 71 31 54
5 73 63 88
5 74 18 67
5 74 19 97
5 74 22 91
5 75 12 79
5 78 16 27
5 80 12 25
5 81 67 87
5 83 18 25
5 83 44 48
5 85 6 58
5 85 16 34
5 85 43 66
5 86 56 96
5 87 12 54
5 87 17 52
5 88 49 86
5 88 57 95
5 88 66 85
5 88 79 91
5 91 18 29
5 91 35 94
5 91 40 90
5 92 9 51
5 92 16 52
5 92 31 33
5 93 23 37
5 93 59 60
5 97 41 76
5 97 46 76
5 98 24 80
5 99 30 69
6 7 12 97
6 8 63 89
6 10 28 50
6 11 38 50
6 11 59 83
6 11 66 99
6 12 56 93
6 12 62 94
6 13 32 92
6 14 24 96
6 14 49 95
6 14 73 78
6 18 60 64
6 18 90 96
6 19 23 68
6 19 73 80
6 20 61 99
6 21 31 61
6 21 37 50
6 22 13 32
6 22 23 66
6 25 12 22
6 27 37 38
6 27 51 67
6 28 9 61
6 30 67 74
6 30 79 85
6 31 7 72
6 31 35 75
6 33 47 78
6 34 32 77
6 37 11 95
6 37 40 83
6 38 23 27
6 39 84 88
6 40 29 96
6 40 59 95
6 41 27 76
6 41 51 80
6 42 13 83
6 46 27 76
6 46 51 80
6 47 28 52
6 48 26 69
6 48 66 68
6 49 85 95
6 50 21 23
6 51 62 83
6 52 29 41
6 52 29 46
6 52 45 96
6 53 8 32
6 56 8 33
6 56 12 42
6 56 70 95
6 57 9 14
6 57 85 86
6 58 16 34
6 58 42 85
6 58 43 66
6 59 31 52
6 60 59 94
6 61 7 34
6 63 12 48
6 63 91 92
6 64 18 59
6 65 30 92
6 66 22 37
6 66 86 95
6 67 89 95
6 68 19 37
6 74 21 65
6 74 34 38
6 74 41 68
6 74 46 68
6 76 32 70
6 77 20 47
6 77 36 51
6 79 51 78
6 79 66 76
6 80 67 76
6 81 21 72
6 83 11 60
6 84 31 79
6 84 33 70
6 85 58 93
6 85 76 91
6 86 11 22
6 86 12 96
6 87 11 77
6 88 21 47
6 88 34 41
6 88 34 46
6 91 47 54
6 91 50 64
6 91 70 81
6 93 72 80
6 94 13 55
6 94 15 84
6 95 40 60
6 96 33 39
6 96 65 66
6 96 67 89
6 96 70 75
6 97 25 31
6 99 22 98
6 99 29 53
7 8 25 94
7 9 78 80
7 10 18 75
7 11 23 67
7 13 38 96
7 14 58 92
7 14 69 83
7 15 57 93
7 16 9 52
7 17 10 45
7 19 25 91
7 19 29 83
7 19 56 74
7 20 26 29
7 20 27 68
7 20 44 98
7 21 69 93
7 22 25 97
7 23 39 79
7 23 40 59
7 23 41 56
7 23 46 56
7 24 19 32
7 26 30 52
7 26 78 99
7 27 22 59
7 28 41 60
7 28 46 60
7 29 27 93
7 36 14 42
7 36 26 60
7 36 71 75
7 37 29 84
7 42 32 62
7 42 56 97
7 47 13 95
7 48 63 97
7 48 74 75
7 49 41 82
7 49 46 82
7 54 38 81
7 55 79 81
7 57 38 94
7 58 16 61
7 60 37 40
7 61 8 40
7 62 22 44
7 63 10 84
7 63 35 89
7 63 80 88
7 66 41 75
7 66 46 75
7 68 8 45
7 68 14 59
7 68 26 93
7 68 40 49
7 69 32 40
7 69 66 93
7 70 38 47
7 70 41 65
7 70 46 65
7 71 15 52
7 71 27 77
7 71 40 91
7 72 35 75
7 73 50 53
7 74 38 61
7 74 92 99
7 76 51 66
7 77 10 23
7 77 59 82
7 80 27 66
7 81 21 31
7 81 63 65
7 81 68 86
7 81 71 79
7 82 10 40
7 87 36 38
7 88 41 61
7 88 46 61
7 93 31 80
7 94 37 95
7 96 86 97
7 99 63 84
8 9 35 92
8 10 21 88
8 10 55 60
8 11 22 81
8 11 49 80
8 12 15 79
8 13 28 67
8 13 35 62
8 13 53 92
8 14 11 90
8 14 30 55
8 16 12 29
8 17 10 68
8 17 49 82
8 21 95 98
8 22 13 53
8 23 21 52
8 23 59 61
8 25 65 70
8 26 76 98
8 27 30 40
8 27 62 99
8 28 37 88
8 29 13 98
8 30 14 32
8 33 12 42
8 33 70 95
8 34 53 77
8 35 19 42
8 35 24 62
8 35 47 85
8 37 14 80
8 37 19 78
8 38 25 57
8 38 66 72
8 39 18 40
8 39 32 99
8 39 64 95
8 41 16 45
8 42 10 86
8 42 35 51
8 44 13 26
8 44 29 76
8 45 14 59
8 45 26 93
8 45 40 49
8 46 16 45
8 47 22 82
8 48 31 91
8 49 10 88
8 50 48 83
8 51 40 74
8 53 42 49
8 53 58 95
8 54 20 30
8 55 29 71
8 58 10 57
8 59 18 79
8 59 38 48
8 59 44 99
8 60 10 32
8 60 37 61
8 61 55 69
8 62 52 60
8 63 65 77
8 63 76 90
8 64 12 49
8 65 13 14
8 65 50 76
8 66 44 83
8 67 48 86
8 67 63 96
8 68 49 61
8 68 82 88
8 69 32 61
8 69 35 37
8 71 61 91
8 72 9 43
8 72 50 83
8 75 39 95
8 76 33 58
8 76 53 70
8 78 37 51
8 78 72 97
8 80 21 84
8 82 10 61
8 83 34 67
8 84 23 65
8 84 56 70
8 84 78 83
8 87 15 21
8 87 48 91
8 88 45 58
8 90 50 77
8 91 17 69
8 91 19 94
8 91 30 77
8 92 12 31
8 93 16 18
8 93 33 91
8 93 65 99
8 93 81 84
8 94 51 91
8 95 23 64
8 95 63 67
8 95 70 72
8 96 16 29
8 96 39 56
8 96 50 79
8 97 22 94
8 99 15 47
8 99 23 81
8 99 39 55
8 99 50 72
9 11 29 62
9 14 85 86
9 20 25 43
9 20 28 99
9 21 28 31
9 23 12 33
9 23 42 44
9 24 12 85
9 24 51 68
9 26 16 30
9 28 27 45
9 28 70 76
9 29 23 51
9 31 66 69
9 31 78 93
9 32 31 97
9 32 38 95
9 33 13 75
9 34 10 51
9 34 39 48
9 34 54 86
9 35 50 97
9 37 47 59
9 37 69 92
9 39 11 66
9 39 37 86
9 40 38 89
9 41 44 97
9 42 44 76
9 43 50 83
9 46 44 97
9 47 12 62
9 47 39 96
9 48 76 83
9 49 13 19
9 49 79 98
9 51 16 52
9 51 31 33
9 51 42 92
9 53 13 35
9 54 37 48
9 55 12 50
9 55 15 96
9 56 31 62
9 57 37 39
9 60 23 47
9 60 25 53
9 60 65 76
9 62 13 92
9 63 23 30
9 63 45 69
9 64 30 67
9 64 38 99
9 65 11 33
9 68 18 56
9 70 13 39
9 71 15 16
9 72 12 39
9 73 61 83
9 74 12 45
9 74 40 64
9 75 22 52
9 76 22 39
9 76 38 56
9 77 18 65
9 81 13 20
9 82 45 83
9 84 13 96
9 84 41 46
9 85 21 32
9 86 13 27
9 87 67 98
9 88 63 78
9 91 11 99
9 91 86 98
9 92 84 89
9 93 37 44
9 94 31 93
9 94 33 48
9 94 62 88
9 98 74 93
9 98 82 89
9 99 26 80
10 11 27 36
10 11 67 77
10 12 20 80
10 15 87 88
10 16 19 38
10 18 19 26
10 18 20 83
10 20 14 91
10 22 39 45
10 23 59 82
10 24 34 68
10 27 26 76
10 28 11 14
10 28 37 49
10 29 23 34
10 29 68 76
10 29 72 94
10 30 14 60
10 32 37 61
10 35 18 72
10 35 65 87
10 37 21 28
10 37 24 25
10 37 29 63
10 37 44 90
10 38 11 28
10 38 25 58
10 39 60 99
10 41 18 66
10 41 30 56
10 42 20 25
10 42 71 84
10 44 51 57
10 46 18 66
10 46 30 56
10 50 36 37
10 51 39 48
10 51 54 86
10 52 23 88
10 52 47 50
10 52 55 62
10 52 74 76
10 58 19 74
10 60 37 82
10 64 11 20
10 64 28 91
10 65 87 97
10 67 42 48
10 68 49 82
10 69 32 82
10 69 60 61
10 70 26 45
10 71 18 36
10 71 82 91
10 74 18 48
10 75 14 84
10 80 14 97
10 81 48 87
10 82 21 68
10 84 35 89
10 84 80 88
10 85 20 26
10 86 35 51
10 89 15 25
10 89 54 84
10 89 69 72
10 92 29 45
10 94 39 87
10 95 27 98
10 97 16 64
10 97 26 67
11 12 29 47
11 12 51 60
11 12 61 78
11 12 64 80
11 13 42 59
11 14 37 49
11 18 27 71
11 18 64 83
11 19 71 76
11 20 28 91
11 22 12 96
11 23 12 65
11 23 22 99
11 24 21 58
11 24 30 54
11 24 53 98
11 25 12 86
11 25 40 76
11 26 77 97
11 28 25 58
11 30 28 60
11 31 29 56
11 31 39 69
11 32 72 75
11 34 32 87
11 34 45 55
11 34 50 74
11 36 58 94
11 37 21 38
11 37 27 50
11 38 51 89
11 39 48 97
11 40 37 59
11 40 45 80
11 42 25 64
11 42 53 80
11 43 58 99
11 44 16 47
11 49 37 85
11 50 12 74
11 51 31 65
11 52 42 56
11 56 13 57
11 56 37 70
11 57 13 68
11 57 54 97
11 58 13 17
11 58 15 51
11 58 52 71
11 61 20 66
11 61 33 90
11 61 68 80
11 62 51 59
11 63 14 76
11 63 34 40
11 64 38 91
11 64 68 78
11 65 40 53
11 65 42 45
11 65 96 99
11 66 37 86
11 67 37 89
11 68 48 99
11 68 60 85
11 71 90 93
11 72 44 82
11 75 16 51
11 75 28 84
11 76 12 47
11 76 72 96
11 76 79 99
11 80 28 97
11 82 17 80
11 82 26 57
11 82 47 81
11 82 72 88
11 83 85 96
11 84 22 93
11 85 26 64
11 86 40 47
11 87 17 56
11 87 57 58
11 88 29 94
11 90 30 55
11 92 16 56
11 94 48 65
11 94 60 83
11 94 68 96
11 94 81 97
11 95 40 83
11 98 18 35
11 98 36 95
11 99 86 98
12 14 24 86
12 14 53 99
12 15 58 60
12 16 29 44
12 16 30 84
12 16 60 75
12 17 28 71
12 17 57 85
12 17 64 82
12 18 15 59
12 18 86 90
12 21 14 89
12 21 49 67
12 21 54 75
12 21 79 87
12 25 42 80
12 26 80 85
12 28 26 52
12 28 27 74
12 28 30 51
12 30 21 89
12 30 35 70
12 30 39 53
12 30 58 75
12 32 57 84
12 33 42 44
12 34 48 72
12 35 19 33
12 35 49 75
12 35 55 97
12 35 66 82
12 37 13 88
12 40 28 41
12 40 28 46
12 40 29 86
12 42 70 95
12 43 28 98
12 43 55 83
12 44 16 76
12 45 40 64
12 47 72 96
12 47 79 99
12 48 91 92
12 50 15 96
12 51 23 31
12 52 13 28
12 52 45 86
12 53 33 49
12 53 42 64
12 54 17 52
12 54 42 87
12 55 16 71
12 55 32 68
12 55 49 69
12 56 28 59
12 56 31 47
12 57 37 72
12 57 70 88
12 58 49 70
12 58 54 89
12 58 56 85
12 58 59 77
12 58 73 97
12 59 60 62
12 60 58 84
12 61 31 48
12 62 39 96
12 63 69 74
12 64 44 49
12 65 22 99
12 66 25 37
12 68 61 64
12 70 13 72
12 71 31 87
12 72 26 70
12 73 17 65
12 75 69 97
12 76 22 72
12 77 28 85
12 78 39 41
12 78 39 46
12 79 42 75
12 81 18 30
12 81 29 82
12 81 36 42
12 82 32 91
12 82 74 83
12 82 76 81
12 83 18 80
12 83 22 85
12 83 51 94
12 85 51 68
12 86 40 76
12 87 45 68
12 88 20 84
12 88 26 37
12 88 75 91
12 88 81 96
12 89 38 60
12 90 43 95
12 91 34 39
12 92 31 44
12 93 83 89
12 94 14 27
12 94 19 66
12 94 22 68
12 94 23 48
12 94 47 88
12 98 34 37
12 98 39 54
12 98 48 57
12 99 25 98
12 99 34 66
13 14 50 76
13 15 27 85
13 15 34 78
13 15 41 91
13 15 46 91
13 17 15 51
13 17 52 71
13 19 79 98
13 21 29 95
13 24 20 40
13 26 29 76
13 28 45 86
13 29 41 45
13 29 45 46
13 30 32 65
13 32 23 66
13 34 22 77
13 34 27 82
13 34 28 83
13 34 48 70
13 36 87 96
13 37 40 42
13 37 62 69
13 37 65 80
13 40 41 52
13 40 46 52
13 43 52 98
13 45 44 93
13 45 59 65
13 47 39 84
13 47 70 96
13 48 21 41
13 48 21 46
13 49 16 63
13 49 23 26
13 51 42 62
13 55 15 84
13 56 52 59
13 57 37 70
13 58 23 72
13 59 16 25
13 61 30 89
13 61 57 80
13 61 74 96
13 62 25 75
13 62 41 78
13 62 46 78
13 62 79 80
13 63 28 95
13 64 57 78
13 65 69 79
13 68 54 97
13 69 27 95
13 69 45 79
13 70 76 92
13 71 63 69
13 76 22 70
13 77 34 92
13 77 52 85
13 81 54 96
13 82 26 56
13 82 58 80
13 85 78 82
13 86 75 78
13 87 56 58
13 91 32 63
13 93 23 40
13 94 37 47
13 94 57 96
13 96 41 46
13 99 27 35
14 19 63 71
14 20 54 55
14 22 40 48
14 22 53 65
14 23 15 67
14 23 40 68
14 23 45 61
14 25 18 44
14 25 40 63
14 25 82 84
14 27 19 66
14 27 22 68
14 27 23 48
14 27 47 88
14 28 31 98
14 28 57 61
14 28 74 94
14 29 19 69
14 29 24 40
14 29 26 50
14 29 65 98
14 37 39 85
14 38 19 22
14 39 19 56
14 39 30 99
14 40 27 55
14 41 19 79
14 42 26 60
14 42 71 75
14 43 77 91
14 44 26 65
14 45 24 52
14 46 19 79
14 47 33 73
14 47 59 98
14 47 67 81
14 51 73 79
14 54 15 82
14 54 34 85
14 55 18 54
14 56 34 89
14 58 21 54
14 59 26 93
14 59 40 49
14 61 19 64
14 63 15 64
14 63 54 72
14 64 20 28
14 64 72 82
14 65 56 82
14 65 80 87
14 69 30 61
14 70 23 82
14 70 40 77
14 70 49 56
14 70 54 67
14 71 20 82
14 75 47 64
14 76 34 40
14 77 17 61
14 77 55 91
14 77 68 82
14 79 16 26
14 79 18 38
14 79 47 53
14 80 19 78
14 85 61 71
14 86 26 32
14 86 49 66
14 89 49 67
14 89 54 75
14 89 79 87
14 90 18 24
14 92 50 70
14 93 21 83
14 95 44 87
14 98 85 91
14 99 58 74
15 17 36 90
15 21 48 91
15 23 52 87
15 25 54 84
15 25 69 72
15 26 30 71
15 26 57 68
15 27 29 57
15 28 32 73
15 31 20 42
15 35 85 99
15 37 24 89
15 37 48 64
15 38 58 89
15 38 62 68
15 39 88 94
15 40 66 90
15 41 34 62
15 41 91 96
15 42 19 47
15 42 20 89
15 45 29 91
15 46 34 62
15 46 91 96
15 47 23 81
15 47 39 55
15 47 50 72
15 48 81 88
15 49 61 73
15 51 52 71
15 52 27 77
15 52 40 91
15 53 29 90
15 56 18 28
15 56 51 81
15 57 34 64
15 58 18 77
15 59 86 90
15 61 19 63
15 62 33 81
15 62 39 50
15 62 58 59
15 64 54 72
15 65 35 88
15 65 54 56
15 66 28 30
15 66 57 69
15 67 40 68
15 67 45 61
15 69 16 73
15 69 21 57
15 70 23 54
15 71 20 54
15 71 49 73
15 74 26 77
15 75 16 58
15 75 30 60
15 75 34 86
15 75 47 63
15 76 31 49
15 77 54 68
15 78 61 95
15 78 62 91
15 80 84 87
15 82 34 85
15 88 50 81
15 89 23 49
15 89 59 68
15 92 20 33
15 92 36 79
15 92 75 81
15 92 77 78
15 93 32 90
15 94 74 82
15 95 69 85
15 97 47 74
15 97 61 70
15 97 65 88
16 17 28 55
16 18 33 91
16 18 65 99
16 18 81 84
16 19 36 66
16 20 30 88
16 20 35 57
16 21 47 72
16 22 33 67
16 26 18 38
16 26 47 53
16 27 42 78
16 28 32 69
16 29 39 56
16 29 50 79
16 31 29 92
16 32 40 65
16 33 25 89
16 34 42 85
16 34 43 66
16 35 40 57
16 36 57 64
16 38 75 89
16 39 40 93
16 42 29 33
16 42 60 79
16 43 54 95
16 44 22 47
16 44 65 79
16 44 76 96
16 44 80 89
16 49 29 64
16 49 35 60
16 49 61 69
16 51 28 84
16 52 31 33
16 52 42 92
16 53 27 94
16 54 21 60
16 55 71 96
16 57 18 62
16 57 30 32
16 58 30 60
16 58 34 86
16 58 47 63
16 59 79 93
16 60 33 50
16 62 59 75
16 63 23 26
16 64 26 67
16 67 25 39
16 71 32 68
16 71 49 69
16 73 21 57
16 74 38 58
16 74 39 83
16 75 22 51
16 81 27 90
16 81 53 57
16 82 33 36
16 82 44 81
16 83 53 89
16 86 32 79
16 86 40 44
16 87 17 92
16 87 72 99
16 88 32 35
16 88 41 58
16 88 46 58
16 89 32 80
16 90 23 98
16 90 57 94
16 91 28 61
16 91 32 49
16 91 60 88
16 92 22 56
16 92 25 42
16 95 28 62
16 95 65 89
17 22 47 49
17 22 57 83
17 22 81 89
17 23 45 77
17 27 35 61
17 28 26 54
17 28 57 77
17 29 36 53
17 29 64 81
17 31 29 87
17 32 36 93
17 32 60 68
17 38 24 92
17 39 24 69
17 40 45 82
17 41 40 71
17 42 53 82
17 45 94 98
17 46 40 71
17 47 20 29
17 48 85 98
17 52 42 87
17 56 57 58
17 57 43 48
17 57 58 68
17 59 20 65
17 59 56 71
17 60 98 99
17 61 55 91
17 61 68 82
17 62 55 95
17 66 35 64
17 66 36 40
17 69 19 94
17 69 30 77
17 79 90 92
17 80 26 57
17 80 47 81
17 80 72 88
17 84 32 85
17 84 45 63
17 84 51 55
17 85 71 77
17 86 36 59
17 86 42 68
17 86 53 61
17 88 49 68
17 89 19 29
17 92 72 99
17 98 43 71
17 99 24 61
18 20 19 85
18 25 42 83
18 25 44 48
18 26 83 85
18 27 30 39
18 28 51 81
18 29 35 94
18 29 40 90
18 29 42 91
18 30 29 82
18 30 36 42
18 31 52 91
18 35 36 95
18 36 82 91
18 38 47 53
18 40 32 99
18 40 64 95
18 41 45 93
18 44 40 63
18 44 82 84
18 45 19 70
18 45 39 49
18 45 52 90
18 46 45 93
18 47 85 89
18 50 37 71
18 50 60 91
18 51 39 74
18 51 45 72
18 52 27 58
18 55 48 54
18 58 21 55
18 60 34 70
18 60 64 94
18 60 76 77
18 62 30 32
18 63 55 72
18 64 23 73
18 66 30 56
18 67 19 97
18 67 22 91
18 67 42 74
18 70 21 69
18 70 55 67
18 72 65 87
18 74 26 58
18 74 49 72
18 76 19 27
18 76 38 68
18 79 38 48
18 79 44 99
18 80 22 85
18 80 51 94
18 81 49 85
18 81 74 87
18 83 76 87
18 85 72 87
18 86 30 70
18 89 35 69
18 89 55 75
18 89 95 99
18 90 24 48
18 92 58 78
18 93 43 75
18 95 25 87
18 95 28 57
18 95 29 50
18 95 54 80
18 96 29 93
18 96 32 53
18 96 50 59
18 97 37 45
18 97 63 92
18 99 36 69
19 20 82 90
19 21 50 68
19 23 26 53
19 25 26 47
19 26 20 83
19 27 38 68
19 31 87 89
19 33 49 75
19 33 55 97
19 33 66 82
19 35 82 94
19 40 25 71
19 41 23 74
19 41 31 57
19 41 50 65
19 42 24 62
19 42 47 85
19 43 34 36
19 45 69 98
19 46 23 74
19 46 31 57
19 46 50 65
19 47 20 89
19 51 32 55
19 51 41 73
19 51 46 73
19 52 43 79
19 52 58 76
19 53 35 49
19 56 30 99
19 59 43 84
19 60 34 45
19 61 63 85
19 62 31 64
19 62 49 92
19 65 39 82
19 66 22 68
19 66 23 48
19 66 47 88
19 69 24 40
19 69 26 50
19 69 65 98
19 70 39 49
19 70 52 90
19 72 28 90
19 72 73 93
19 75 42 63
19 75 47 61
19 75 48 56
19 76 30 64
19 80 20 22
19 80 62 98
19 81 20 49
19 83 28 77
19 84 37 83
19 84 49 96
19 86 27 49
19 86 30 45
19 86 31 50
19 89 41 87
19 89 46 87
19 92 21 95
19 93 64 88
19 94 30 77
19 96 21 51
19 97 22 91
19 97 42 74
19 98 55 77
19 99 34 94
20 21 35 73
20 21 55 58
20 22 62 98
20 25 71 84
20 27 40 54
20 27 72 83
20 27 76 85
20 28 72 82
20 31 21 99
20 31 36 70
20 31 47 87
20 32 57 88
20 33 36 79
20 33 75 81
20 33 77 78
20 37 24 42
20 38 28 64
20 38 42 58
20 39 50 63
20 39 65 90
20 41 39 63
20 44 36 75
20 46 39 63
20 47 36 51
20 52 49 65
20 52 70 82
20 53 35 81
20 53 43 60
20 54 49 73
20 56 45 49
20 56 67 73
20 60 29 36
20 60 30 91
20 60 49 57
20 60 58 88
20 62 81 92
20 64 34 48
20 64 35 36
20 64 71 72
20 65 56 71
20 66 33 90
20 66 68 80
20 67 55 70
20 67 58 69
20 67 73 75
20 70 23 71
20 70 39 81
20 70 45 85
20 70 48 94
20 70 51 87
20 70 73 89
20 72 55 63
20 75 55 89
20 77 68 71
20 79 56 63
20 79 93 94
20 84 26 37
20 84 75 91
20 84 81 96
20 86 27 81
20 88 21 77
20 91 54 77
20 93 23 24
20 93 29 68
20 94 35 90
20 97 49 89
20 97 67 85
20 97 80 91
21 22 44 72
21 22 50 66
21 24 34 82
21 25 61 97
21 26 68 69
21 27 29 69
21 27 89 94
21 28 24 25
21 28 29 63
21 28 44 90
21 29 43 62
21 29 45 48
21 29 76 82
21 31 63 65
21 31 68 86
21 31 71 79
21 33 28 51
21 33 53 67
21 33 78 88
21 35 40 73
21 36 24 94
21 36 64 73
21 38 27 50
21 39 75 98
21 40 48 52
21 42 38 55
21 42 54 79
21 43 24 99
21 44 64 67
21 45 43 78
21 47 34 41
21 47 34 46
21 49 35 54
21 50 57 63
21 52 59 61
21 53 26 72
21 58 30 54
21 58 53 98
21 62 23 60
21 62 28 56
21 62 48 78
21 63 58 72
21 64 37 91
21 64 39 98
21 65 34 38
21 65 41 68
21 65 46 68
21 66 45 65
21 67 35 56
21 69 55 67
21 70 33 98
21 70 58 67
21 71 43 99
21 75 35 67
21 76 26 95
21 79 61 84
21 81 53 73
21 86 41 63
21 86 46 63
21 87 24 57
21 88 55 60
21 89 35 70
21 89 39 53
21 89 58 75
21 90 73 94
21 91 54 88
21 93 25 36
21 93 28 94
21 93 30 83
21 93 80 81
21 96 41 48
21 96 46 48
21 96 66 74
21 97 28 32
21 99 36 70
21 99 47 87
22 23 27 40
22 24 29 48
22 26 33 64
22 26 39 70
22 26 44 53
22 26 80 83
22 27 38 66
22 29 38 69
22 29 39 92
22 29 42 67
22 31 52 67
22 34 48 76
22 34 68 79
22 36 52 55
22 36 67 82
22 37 86 95
22 39 38 56
22 41 38 79
22 43 23 58
22 46 38 79
22 47 65 79
22 47 76 96
22 47 80 89
22 48 45 51
22 49 48 59
22 50 60 67
22 54 26 31
22 55 32 94
22 56 25 42
22 57 37 76
22 58 44 63
22 58 56 83
22 61 38 64
22 63 25 48
22 64 29 89
22 65 23 96
22 68 23 48
22 68 47 88
22 69 56 92
22 71 84 90
22 74 50 96
22 74 93 95
22 76 23 79
22 77 27 82
22 77 28 83
22 77 48 70
22 80 38 78
22 81 49 80
22 83 32 42
22 83 60 86
22 85 51 94
22 86 25 96
22 87 45 94
22 87 77 86
22 88 74 79
22 90 28 72
22 91 42 74
22 98 29 53
23 24 29 68
23 25 70 84
23 30 45 69
23 32 59 69
23 34 68 76
23 34 72 94
23 37 42 93
23 37 59 60
23 39 33 72
23 41 38 76
23 43 74 88
23 45 33 74
23 46 38 76
23 47 25 53
23 47 65 76
23 48 47 88
23 49 59 68
23 50 33 55
23 50 53 69
23 50 85 97
23 55 24 97
23 55 30 57
23 56 47 51
23 57 28 45
23 59 69 75
23 60 28 56
23 60 48 78
23 61 31 94
23 61 48 51
23 61 56 88
23 62 33 47
23 63 25 68
23 63 77 84
23 64 63 67
23 64 70 72
23 65 56 70
23 65 78 83
23 68 73 80
23 71 39 81
23 71 45 85
23 71 48 94
23 71 51 87
23 71 73 89
23 74 31 57
23 74 50 65
23 75 56 66
23 76 31 89
23 77 68 70
23 80 31 96
23 81 39 55
23 81 50 72
23 82 40 77
23 82 49 56
23 82 54 67
23 84 52 80
23 85 24 33
23 86 25 65
23 88 47 50
23 88 55 62
23 88 74 76
23 90 34 69
23 91 59 71
23 92 44 51
23 92 47 75
23 93 84 99
23 97 41 42
23 97 42 46
23 98 57 94
23 99 78 85
24 25 29 63
24 25 44 90
24 27 35 99
24 27 36 89
24 31 60 77
24 32 63 74
24 38 37 58
24 38 65 82
24 39 72 85
24 40 26 50
24 40 65 98
24 41 47 82
24 44 56 91
24 45 72 81
24 45 74 85
24 46 47 82
24 50 55 85
24 50 63 87
24 53 48 98
24 53 57 71
24 55 54 90
24 59 29 49
24 62 47 85
24 70 29 77
24 70 71 93
24 76 29 34
24 79 38 90
24 80 42 98
24 83 63 91
24 86 53 99
24 89 48 64
24 90 36 73
24 93 28 36
24 93 49 50
24 94 64 73
24 96 49 95
24 96 73 78
24 97 30 57
25 26 41 94
25 26 46 94
25 27 78 92
25 29 56 67
25 34 63 76
25 34 85 92
25 36 28 94
25 36 30 83
25 36 80 81
25 38 33 75
25 38 44 79
25 43 28 99
25 44 33 80
25 47 76 86
25 49 59 63
25 50 47 69
25 50 64 78
25 53 65 76
25 54 44 55
25 54 64 69
25 56 65 84
25 57 66 72
25 59 52 97
25 61 26 75
25 64 53 80
25 68 77 84
25 70 32 78
25 72 64 84
25 72 65 95
25 73 52 77
25 74 29 32
25 74 50 86
25 74 67 83
25 75 41 78
25 75 46 78
25 75 79 80
25 77 41 81
25 77 46 81
25 77 63 70
25 81 74 95
25 83 32 56
25 83 33 53
25 83 76 95
25 84 79 97
25 85 26 42
25 85 72 95
25 86 62 78
25 87 28 57
25 87 29 50
25 87 54 80
25 88 26 66
25 91 29 83
25 91 56 74
25 95 33 65
25 98 34 66
25 99 48 79
25 99 70 93
26 27 56 60
26 28 36 41
26 28 36 46
26 28 66 71
26 28 77 80
26 29 27 68
26 29 44 98
26 30 35 72
26 32 49 66
26 37 75 91
26 37 81 96
26 38 33 61
26 40 57 67
26 41 65 69
26 42 72 95
26 46 65 69
26 48 39 77
26 49 81 83
26 50 65 98
26 52 27 74
26 52 30 51
26 54 57 77
26 56 58 80
26 57 47 81
26 57 72 88
26 58 49 72
26 59 57 89
26 60 71 75
26 62 38 57
26 63 53 58
26 69 66 68
26 78 75 94
26 81 77 94
26 86 31 69
26 87 58 82
26 89 47 83
26 90 63 98
26 92 29 70
26 92 74 78
26 93 40 49
26 98 34 88
27 28 89 93
27 32 39 62
27 32 70 92
27 33 75 86
27 34 37 74
27 36 67 77
27 41 75 92
27 44 59 62
27 45 70 76
27 46 75 92
27 49 30 45
27 49 31 50
27 53 35 86
27 53 79 88
27 54 90 97
27 56 39 66
27 57 33 63
27 62 86 92
27 63 28 69
27 64 50 92
27 64 61 66
27 64 75 88
27 65 62 93
27 67 76 97
27 68 44 98
27 69 29 66
27 69 80 93
27 70 39 86
27 71 64 83
27 73 89 90
27 74 30 51
27 76 51 80
27 77 40 91
27 78 66 80
27 78 67 79
27 79 41 66
27 79 46 66
27 80 41 67
27 80 46 67
27 82 28 83
27 82 48 70
27 84 86 96
27 85 34 78
27 85 41 91
27 85 46 91
27 87 73 96
27 89 51 96
27 90 53 57
27 91 45 57
27 92 52 78
27 95 45 79
28 30 57 69
28 35 69 88
28 36 49 50
28 37 52 88
28 39 42 53
28 39 48 80
28 41 29 86
28 44 42 70
28 46 29 86
28 49 32 71
28 49 69 91
28 51 53 67
28 51 78 88
28 56 48 78
28 57 29 50
28 57 54 80
28 58 56 77
28 58 65 68
28 58 94 99
28 59 31 47
28 61 32 49
28 61 60 88
28 62 65 89
28 64 42 58
28 65 29 31
28 65 60 70
28 67 35 62
28 67 53 92
28 68 30 85
28 68 69 71
28 70 52 72
28 71 57 85
28 71 64 82
28 75 60 66
28 78 39 40
28 79 69 86
28 80 69 89
28 82 37 68
28 82 49 60
28 83 48 70
28 90 73 93
28 94 30 83
28 94 80 81
28 98 55 83
29 30 51 63
29 31 60 70
29 32 50 86
29 32 67 83
29 33 60 79
29 35 66 81
29 36 30 91
29 36 49 57
29 36 58 88
29 40 53 66
29 41 45 96
29 44 30 84
29 44 60 75
29 46 45 96
29 47 51 60
29 47 61 78
29 47 64 80
29 50 54 80
29 51 35 80
29 52 31 42
29 52 40 45
29 56 39 69
29 59 47 65
29 59 53 86
29 60 42 50
29 61 36 86
29 63 44 90
29 64 35 60
29 64 61 69
29 65 44 50
29 65 48 66
29 66 80 93
29 69 89 94
29 70 74 78
29 74 52 68
29 74 67 91
29 74 73 84
29 74 86 87
29 77 71 93
29 78 45 62
29 78 69 80
29 79 41 69
29 79 46 69
29 82 36 42
29 83 56 74
29 88 34 52
29 93 32 53
29 93 50 59
29 96 59 95
29 99 37 63
29 99 62 71
30 31 84 85
30 34 45 90
30 34 53 91
30 37 51 99
30 40 62 99
30 41 53 78
30 42 40 50
30 42 58 79
30 45 31 50
30 46 53 78
30 49 35 58
30 50 82 95
30 52 78 99
30 53 45 50
30 53 71 97
30 54 53 98
30 59 32 45
30 60 34 86
30 60 47 63
30 62 31 76
30 63 65 91
30 67 38 99
30 69 42 99
30 71 57 68
30 74 31 55
30 74 36 67
30 74 44 73
30 75 45 59
30 76 74 80
30 80 32 37
30 82 31 43
30 83 80 81
30 84 60 75
30 85 69 71
30 86 57 79
30 87 64 98
30 88 35 57
30 89 57 80
30 89 74 96
30 90 50 91
30 90 83 87
30 91 49 57
30 91 58 88
30 93 76 88
30 93 82 96
30 95 35 42
30 95 49 79
30 96 53 62
30 97 60 80
30 98 55 94
31 33 42 92
31 34 61 72
31 35 32 50
31 35 44 58
31 35 64 70
31 41 32 44
31 41 65 86
31 42 40 45
31 45 63 66
31 46 32 44
31 46 65 86
31 51 47 70
31 54 42 71
31 55 36 67
31 55 44 73
31 57 50 65
31 60 50 52
31 61 37 50
31 63 88 93
31 64 49 92
31 70 35 96
31 71 48 61
31 71 73 76
31 73 37 43
31 74 78 98
31 75 44 70
31 77 88 99
31 79 33 70
31 82 36 52
31 90 45 91
31 92 37 66
31 93 33 48
31 93 62 88
31 94 48 51
31 94 56 88
31 97 38 95
31 98 57 61
31 98 74 94
32 33 51 97
32 34 59 90
32 35 41 58
32 35 46 58
32 36 50 61
32 38 47 96
32 40 66 93
32 42 60 86
32 44 65 86
32 48 82 92
32 48 84 98
32 49 60 88
32 50 44 58
32 50 64 70
32 53 50 59
32 55 41 73
32 55 46 73
32 56 33 53
32 56 76 95
32 57 35 65
32 58 57 60
32 59 39 44
32 59 86 93
32 60 35 52
32 60 37 69
32 61 35 37
32 62 56 97
32 66 56 62
32 68 49 69
32 71 69 91
32 72 58 66
32 75 41 70
32 75 46 70
32 76 45 92
32 79 40 44
32 81 43 52
32 82 60 61
32 84 33 76
32 85 45 63
32 85 51 55
32 86 62 70
32 87 45 55
32 87 50 74
32 88 75 82
32 89 40 95
32 91 74 83
32 91 76 81
32 93 39 65
32 93 94 97
32 96 75 76
32 98 51 77
32 99 64 95
33 34 39 94
33 35 53 75
33 35 64 79
33 36 44 81
33 39 65 66
33 39 67 89
33 39 70 75
33 42 89 92
33 43 45 88
33 48 62 88
33 49 42 64
33 51 47 79
33 53 76 95
33 54 37 94
33 54 78 91
33 55 53 69
33 55 85 97
33 56 51 62
33 56 84 95
33 58 53 70
33 64 39 70
33 64 44 53
33 64 80 83
33 71 54 92
33 71 61 93
33 73 59 98
33 73 67 81
33 75 44 79
33 77 97 98
33 81 39 50
33 81 58 59
33 87 44 54
33 87 48 93
33 88 45 76
33 88 50 62
33 88 64 86
33 90 68 80
33 91 65 99
33 91 81 84
33 92 41 86
33 92 46 86
33 92 62 75
33 94 35 66
33 94 41 72
33 94 46 72
33 94 51 93
33 96 75 84
33 98 58 67
34 35 82 99
34 37 39 54
34 37 48 57
34 38 41 68
34 38 46 68
34 42 55 65
34 48 35 36
34 48 71 72
34 50 53 90
34 50 81 94
34 57 72 98
34 59 49 76
34 59 75 90
34 62 91 96
34 65 47 68
34 65 53 63
34 70 64 94
34 70 76 77
34 74 35 71
34 74 68 88
34 78 41 91
34 78 46 91
34 80 40 55
34 86 47 63
34 92 52 85
34 95 63 83
34 95 69 82
34 96 47 48
34 98 54 91
35 36 71 72
35 39 65 94
35 42 49 79
35 44 41 50
35 44 46 50
35 44 57 86
35 44 64 75
35 47 51 64
35 48 65 81
35 48 72 74
35 50 51 54
35 52 37 69
35 53 40 81
35 55 83 91
35 60 61 69
35 62 53 92
35 64 36 40
35 66 41 72
35 66 46 72
35 66 51 93
35 69 55 75
35 69 95 99
35 70 39 53
35 70 58 75
35 71 68 88
35 73 55 58
35 78 37 42
35 78 51 69
35 78 76 93
35 81 43 60
35 83 43 97
35 84 53 96
35 86 79 88
35 88 54 56
35 89 80 88
35 91 49 88
35 93 39 57
35 94 40 90
35 94 42 91
35 99 36 89
36 41 66 71
36 41 77 80
36 46 66 71
36 46 77 80
36 47 54 69
36 53 64 81
36 54 81 87
36 57 87 94
36 59 42 68
36 59 53 61
36 60 43 45
36 60 50 82
36 67 44 73
36 70 47 87
36 74 48 71
36 74 61 87
36 79 75 81
36 79 77 78
36 84 44 91
36 92 54 59
36 93 60 68
36 94 64 90
36 96 78 90
36 99 43 94
37 38 51 67
37 41 93 97
37 42 51 69
37 42 76 93
37 45 63 92
37 46 93 97
37 47 57 96
37 51 72 97
37 57 61 65
37 58 65 82
37 59 45 80
37 60 52 61
37 60 83 95
37 62 40 51
37 63 62 71
37 68 49 60
37 71 60 91
37 72 70 88
37 77 87 95
37 78 51 52
37 79 62 65
37 83 49 96
37 91 39 98
37 93 74 86
37 94 78 91
37 99 66 98
38 40 62 67
38 47 41 65
38 47 46 65
38 48 44 99
38 50 59 83
38 50 66 99
38 52 67 78
38 53 75 83
38 54 62 77
38 54 93 99
38 55 54 79
38 58 39 83
38 59 62 89
38 61 92 99
38 63 52 94
38 65 75 95
38 67 59 86
38 69 39 92
38 69 42 67
38 70 66 95
38 73 60 63
38 80 44 75
38 82 55 78
38 87 59 91
38 88 41 74
38 88 42 60
38 88 46 74
38 91 68 78
38 92 40 84
38 93 52 56
38 97 44 84
38 97 66 78
38 98 40 82
38 98 81 86
39 44 86 93
39 47 62 72
39 48 54 86
39 49 52 90
39 50 58 59
39 53 58 75
39 54 48 57
39 55 50 72
39 56 50 79
39 58 53 64
39 58 89 98
39 61 69 99
39 62 70 92
39 64 56 61
39 65 94 97
39 67 42 51
39 70 44 53
39 70 80 83
39 72 41 55
39 72 46 55
39 74 45 72
39 75 52 76
39 78 56 80
39 79 40 59
39 79 41 56
39 79 46 56
39 81 45 85
39 81 48 94
39 81 51 87
39 81 73 89
39 84 70 96
39 88 62 81
39 92 42 67
39 93 44 57
39 99 66 91
39 99 68 97
40 41 52 96
40 42 62 69
40 42 65 80
40 43 70 91
40 46 52 96
40 48 53 65
40 50 58 79
40 53 42 45
40 53 96 99
40 54 72 83
40 54 76 85
40 56 76 89
40 58 72 93
40 59 41 56
40 59 46 56
40 63 82 84
40 68 45 61
40 69 83 84
40 70 56 59
40 77 49 56
40 77 54 67
40 78 52 62
40 82 81 86
40 85 41 77
40 85 46 77
40 85 49 59
40 86 59 66
40 89 59 67
40 90 42 91
40 94 60 95
40 97 44 92
40 98 41 43
40 98 43 46
40 99 64 89
41 48 66 74
41 50 57 86
41 50 64 75
41 62 78 96
41 64 57 62
41 64 61 79
41 72 51 93
41 74 42 60
41 76 42 97
41 77 49 59
41 78 79 80
41 81 63 70
41 85 62 82
41 86 62 75
41 88 64 92
41 98 50 69
41 98 54 78
41 99 52 53
42 43 70 90
42 45 96 99
42 49 58 95
42 52 69 78
42 53 48 80
42 54 71 89
42 55 83 94
42 57 58 86
42 60 46 74
42 61 75 85
42 61 82 86
42 63 47 61
42 63 48 56
42 65 44 60
42 68 53 61
42 73 63 88
42 81 67 87
42 83 44 48
42 85 43 66
42 86 56 96
42 88 49 86
42 88 57 95
42 88 66 85
42 88 79 91
42 93 59 60
42 97 46 76
43 45 50 82
43 47 48 74
43 48 58 68
43 56 61 74
43 57 87 99
43 59 56 98
43 61 50 73
43 62 45 48
43 62 76 82
43 74 55 82
43 76 48 50
43 79 58 76
43 85 77 98
43 89 55 93
43 92 66 73
43 96 58 65
44 50 48 66
44 51 47 75
44 53 80 83
44 54 48 93
44 55 64 69
44 56 47 92
44 58 64 70
44 61 48 92
44 63 56 83
44 65 80 95
44 71 55 76
44 71 87 92
44 72 50 66
44 84 66 78
44 89 79 95
44 93 59 65
45 47 62 74
45 48 76 82
45 49 67 73
45 50 71 97
45 52 56 65
45 53 88 95
45 54 56 73
45 55 50 74
45 56 86 99
45 60 56 57
45 62 69 80
45 63 51 55
45 73 61 82
45 74 49 51
45 76 50 62
45 76 64 86
45 78 67 95
45 85 48 94
45 85 51 87
45 85 73 89
45 90 53 91
45 94 77 86
45 97 56 89
45 97 67 70
45 99 60 94
45 99 71 78
46 48 66 74
46 50 57 86
46 50 64 75
46 62 78 96
46 64 57 62
46 64 61 79
46 72 51 93
46 77 49 59
46 78 79 80
46 81 63 70
46 85 62 82
46 86 62 75
46 88 64 92
46 98 50 69
46 98 54 78
46 99 52 53
47 49 57 83
47 49 81 89
47 50 55 62
47 50 74 76
47 54 50 64
47 54 70 81
47 57 70 94
47 59 69 92
47 61 48 56
47 65 53 86
47 68 53 63
47 69 64 78
47 71 56 87
47 74 61 70
47 74 65 88
47 81 72 88
47 93 64 66
47 94 82 97
47 95 83 86
48 51 56 88
48 61 73 76
48 65 60 83
48 65 68 96
48 65 81 97
48 71 61 87
48 75 80 99
48 75 88 92
48 76 68 79
48 79 70 93
48 84 50 78
48 84 97 99
48 86 63 96
48 94 51 87
48 94 73 89
48 95 55 80
48 98 57 71
48 99 60 85
49 56 54 67
49 57 58 88
49 61 82 88
49 63 55 74
49 65 70 82
49 67 54 75
49 67 79 87
49 70 54 89
49 70 56 85
49 70 59 77
49 70 73 97
49 71 68 91
49 75 55 97
49 75 66 82
49 76 75 90
49 85 74 87
49 86 57 95
49 86 66 85
49 86 79 91
49 89 67 85
49 89 80 91
49 95 73 78
50 56 51 88
50 62 64 86
50 63 65 90
50 64 70 81
50 69 54 78
50 75 53 59
50 78 97 99
50 84 72 78
50 86 67 83
50 91 83 87
50 92 61 66
50 92 75 88
50 93 54 66
50 95 70 99
50 96 93 95
51 60 61 78
51 60 64 80
51 61 84 91
51 62 84 95
51 69 76 93
51 71 61 94
51 78 66 76
51 83 57 59
51 84 86 89
51 87 73 89
51 92 56 75
51 92 95 96
52 55 67 82
52 57 60 65
52 61 83 95
52 66 67 97
52 68 67 91
52 68 73 84
52 68 86 87
52 73 54 65
52 79 80 97
52 84 59 79
52 86 89 97
52 89 65 97
53 56 63 80
53 64 89 98
53 67 78 88
53 69 85 97
53 74 59 87
53 75 64 79
53 84 56 76
53 87 54 64
53 87 63 82
53 90 81 94
53 93 57 70
53 95 65 83
53 95 72 76
54 57 60 73
54 61 74 81
54 62 96 98
54 64 63 82
54 75 79 87
54 76 67 90
54 84 69 72
54 89 56 85
54 89 59 77
54 89 73 97
54 92 61 93
54 93 58 83
54 94 57 81
55 62 74 76
55 70 58 69
55 70 73 75
55 75 95 99
55 76 87 92
55 79 56 72
55 85 63 87
55 91 68 82
55 96 56 99
55 97 66 82
55 98 77 85
56 63 93 94
56 64 65 72
56 64 76 99
56 70 78 83
56 75 95 96
56 77 65 68
56 77 94 99
56 81 91 95
56 82 80 87
56 85 59 77
56 85 73 97
56 86 66 70
56 89 67 70
56 93 62 94
56 95 72 84
57 61 74 94
57 62 61 79
57 76 74 89
57 80 74 96
57 82 58 61
57 83 81 89
57 85 64 82
57 86 64 75
57 95 66 85
57 95 79 91
57 97 60 89
58 62 79 82
58 69 73 75
58 73 81 98
58 89 62 68
58 92 69 83
58 93 76 91
59 77 73 97
59 83 66 99
59 98 67 81
60 64 90 96
60 69 67 88
60 72 92 98
60 76 74 97
60 83 68 96
60 83 81 97
60 87 77 83
60 94 71 78
61 66 75 88
61 70 65 88
61 78 64 80
61 88 70 87
61 89 76 94
61 95 62 91
61 96 80 94
62 69 65 80
62 77 93 99
62 96 84 92
63 65 68 86
63 65 71 79
63 67 70 72
63 75 72 89
63 76 85 92
63 83 69 82
63 97 74 75
63 99 77 93
64 68 72 77
64 68 83 90
64 84 65 95
64 94 76 77
64 96 78 94
64 99 81 95
65 66 67 89
65 66 70 75
65 68 94 99
65 72 76 99
65 77 76 90
65 79 76 96
65 79 80 89
65 81 72 74
65 83 72 76
65 85 83 99
65 99 81 84
66 69 78 93
66 71 77 80
66 80 67 79
66 85 79 91
66 89 67 86
66 91 68 97
67 74 79 85
67 85 80 91
67 89 70 75
67 91 73 84
67 91 86 87
68 76 72 94
68 83 85 94
68 86 71 79
68 89 71 80
68 96 81 97
70 78 95 97
72 77 83 90
72 79 83 96
72 81 74 85
72 83 76 85
72 90 77 99
72 92 86 94
72 96 79 99
73 84 86 87
74 83 76 81
74 93 82 89
75 81 77 78
75 85 82 86
75 91 81 96
75 97 80 84
76 88 82 96
76 96 80 89
77 96 79 90
79 89 80 86
80 99 88 92
82 92 84 98
