500
344089
760276
853805
242570
1467250
999528
757457
753647
1092495
88235
1380141
164347
161846
1189772
563613
424346
636260
505547
1473300
1254247
1264594
21257
317316
759421
72466
928120
579815
1072908
1230570
1015750
1426926
276270
1199007
1326314
484205
534377
86816
1488590
1020871
305939
1289615
1553545
56584
1262974
865177
945408
1422332
209125
677513
858584
1067062
877577
1109531
180520
1136915
1510409
702052
1389272
99494
741238
1498157
991131
1016659
1381399
629215
436402
1019133
1204068
1325363
1424291
1040641
997636
1416055
1031237
166918
1239507
324473
1170751
1347330
673148
848679
1215587
374709
885105
469120
572740
111743
71661
1024660
1527910
904717
80038
34786
193374
784118
896670
741253
972681
1318865
361442
1301563
601894
276660
843007
1314236
1185677
636200
875288
473523
886673
1301310
1039736
1306797
1473120
530043
770688
667355
390145
89408
715844
1435381
512082
32880
1293032
1286422
1326084
300293
618285
516430
671159
629053
1460861
571683
1463038
806332
70751
315768
147304
632831
604634
349568
1144104
1022028
804824
594822
315217
1450348
467514
497129
1346787
1437331
476208
769447
1228418
420174
1452303
515675
1240283
233685
863906
1195466
1014720
461724
1509787
1437585
599060
962479
493607
893459
139049
691024
29142
1181317
453710
743011
1178951
496863
510452
1065213
1450848
771447
465929
1323273
708318
422653
92512
1094426
1255463
104914
786325
1107166
435085
1396439
1491163
1482034
182055
779366
310757
233549
625071
55292
129765
709634
1222658
1396876
1113863
1124581
1399342
1462030
166514
1021170
814740
381436
26973
906043
652541
528487
825502
489734
680344
891643
306367
1118215
1134566
762110
1138208
428065
668378
1197328
835701
505474
1324600
334964
343155
1412067
1026976
673134
1180673
974285
769084
660046
1505302
734028
229184
469852
262005
1117831
933775
173082
1449087
661630
950298
906934
125166
882730
1487472
1163216
504614
1326108
1326606
21678
271524
747944
111997
439330
1358923
253806
1413252
1324500
680216
173641
1319101
297475
976837
641125
279899
727490
1400092
1191400
1548984
734675
1149874
1368945
1360134
347763
1032391
290066
1090412
897319
249220
834573
951939
811333
574493
657237
1032848
1218652
540761
624351
580914
48339
943790
1162641
623708
1282254
608742
1109775
344551
146558
1005377
1406368
406414
403299
353960
1032744
594746
372036
844011
423925
1255026
107607
1455227
282919
1073485
205991
63344
711295
1264551
1529876
667485
627801
324535
1081161
623603
1233159
1426551
927865
555343
375908
313830
994604
1482519
697271
834997
1352820
1413573
615645
824079
361315
505266
518531
1173596
691072
115350
162087
704002
404097
1249030
1361566
627965
548053
738148
992789
1070105
1522633
239126
261387
1451243
409661
268122
381646
386024
377885
349736
538721
1108732
987644
1051152
711548
388527
1348431
21592
114622
901614
872412
93964
347210
78783
814777
196307
1042184
816833
252221
402088
873786
1408388
533274
893402
776742
323227
776496
91574
1235726
276600
800452
913732
588561
196439
11751
976711
625493
30868
1106383
1052134
327167
926843
1118282
54161
176928
1224817
1070979
696856
602983
647105
678556
777182
547756
1312686
1286880
1180583
160698
16518
1266961
410208
408122
906444
352668
1447176
533986
510
694455
1526753
1452556
1381857
1453620
778398
1308404
720661
1136208
374924
1489549
671027
710705
731927
470320
134499
657863
918112
1126195
1497743
1457363
501798
1515387
38811
135455
1269274
380175
547965
349506
994318
791556
1104739
1328728
322813
161836
780766
1173116
1328260
788478
371155
1273674
1544737
1167437
1021833
635503
1047018
1455571
73491
268728
1239195
107940
266097
1487458
1091356
816572
1092772
1502059
1549696
1309765
231865
