1000
19526268
7334728
20505707
10333803
9309164
2831913
6297063
14913191
14820924
13404976
19594822
5470465
13451056
8118124
19385149
14521716
14261798
1949840
14634035
1655366
22512656
1156744
4284281
16018923
22743354
16981352
22636574
3781799
5837243
13069546
22565428
21681143
22504581
16566697
4266636
15374578
20968704
7646968
8643633
15978873
13564773
11941290
15005650
11509041
24301007
16258565
19855300
9341868
17882491
19086811
18728114
15504137
24069248
24562982
21288721
4572928
2786027
23839464
14257789
19303367
19430473
16766221
19995456
5683655
16506593
1285014
11259710
1124438
4984336
7144107
14637128
17771499
12978584
24204952
5355171
1919430
1408577
8241939
15910189
5720461
4386730
22308453
2388132
10466965
21700455
22795975
21321345
17253758
9569158
17446391
17189869
14895535
22622039
17814866
10487108
3515738
19723554
21585542
2215343
13509303
11388171
2787118
5445763
19437456
8379164
24584343
1947639
3423111
21237049
4397670
3380538
20138545
6635460
20036637
12080694
19392160
4312704
891051
15025979
20425785
23419991
15554065
2430796
4546053
20360919
14725931
23155761
18334225
13421569
24078043
8606741
19991889
4495658
14410619
22947981
2757073
15426599
6218567
24728580
15963545
3535936
1924661
818388
14116516
18373271
16998436
12801037
15022119
6815639
14611438
3054108
9573157
16402455
14529629
21668219
13805149
7772575
16383187
5080043
13573479
14229109
12177881
4743616
10547426
4539285
19956328
15857428
2720820
8065370
18877192
21620355
20755783
7306590
13104509
19949251
14115774
6333587
3878946
22985114
6112283
23588181
11912865
19608130
2340200
11987313
19074581
18806111
9625724
11367501
18263397
20807923
2618712
7830686
14131227
19432970
18659456
23656731
8714011
24625552
5471568
24384028
5905771
1977273
8730000
3423388
8445256
8767762
17350201
1186418
7944932
18809037
2764095
2489868
8116810
8491781
17848617
7860775
12063938
7989439
716295
18313896
5530013
7574613
4443357
320052
14260008
1610344
3229947
10733221
19666329
24193768
20182178
1979168
13854278
50362
11975630
15698679
11673395
24361800
21435104
19382816
1738280
19639168
12879048
10727851
21587710
18400442
6204340
10551771
8879461
13981828
14583150
6696925
8218744
6314641
5882614
11816570
1408834
22890148
701416
12056586
20422039
7519917
13257458
217758
24571738
22555449
8434274
8193604
22442424
21877809
2415213
14719384
6833085
21619955
21475164
22149506
3212917
20506665
6613542
9277116
22915504
12691898
21342568
14470973
14760364
20693321
22538897
8738615
14941690
2508166
20572379
9820055
2786068
22128549
4937558
23285696
17937985
3863329
19695227
22280335
8025919
3369827
1492572
20813157
2591538
4307767
13407602
7691093
1470498
13554628
15105781
199094
9364030
18152667
23446057
967422
18442071
10396183
8663750
7173390
19275874
23274933
10203156
57338
20056036
13915781
15165012
21408010
1833468
14190936
18149862
11171119
11600962
8116625
18192782
18075685
8817184
21050916
4436415
20587226
13759584
17981211
14993100
17993906
10001546
19898280
13937115
16997432
14830439
19878585
17132307
3722059
7461554
9817756
9749425
5463949
3285654
14192477
14411866
23761284
22696778
11761860
7156525
3210078
9603214
19326148
23442737
10941825
3920909
2882493
4084144
3121367
2016347
8516020
24225602
7989305
9736671
19361590
14880938
5031785
2548157
4163943
19924019
20687021
19347513
24395393
15291045
11443800
4530285
16583551
13217968
17548803
4681406
14131514
13901802
23197749
10518371
5619943
6037597
21983105
19500475
18986017
8566210
518074
21222375
23725680
16319625
11640866
6292531
931629
15468356
15311334
19283121
16682747
21816942
22853361
8422092
17950849
10179527
10486617
6104905
5864732
10614156
9774380
17376269
1060674
8150145
1166287
15515896
2915232
16379261
15710808
12134925
22502687
16690340
4480833
19820807
14626221
5297944
15792523
7987507
9181235
7305412
8758336
22619741
15841034
22778373
12096079
1792568
5936703
3642024
6513817
4408600
1705918
11792882
3348802
3397217
3009546
22966698
17993332
24868248
9821257
15977011
19943981
11137894
24118932
17701285
5282329
10730326
10058720
7534418
23921642
17297934
17869400
10735381
874242
3568740
5496017
7134386
21691532
6937370
24113342
11745167
5172563
21129006
22584597
18220289
17810229
1320772
15019994
21503418
16478953
4546253
20378613
1927225
2570329
12099887
19139819
14443602
16393835
3682061
3607315
5767856
24422310
17218226
20448660
5928524
24746230
9086776
8097176
9881088
22299130
14675424
21471928
2604784
16505678
14113861
6650491
20919803
9979039
7331212
23518573
5473623
13293796
11352067
24305493
9834573
9637496
6315559
12438928
9198239
18777794
6282661
14785412
13779214
18088425
8330794
22923184
8090512
19691794
5923111
2968772
18204961
11017647
21598690
23120945
9748515
15519752
22120374
11979399
17800204
784362
14952036
23379502
9002362
13941449
20640137
7926277
23061365
8373755
10910372
9357327
7081390
24747397
19289472
3309923
3247164
3564125
23450389
18249029
24056727
17944218
17282642
13543311
19148604
8161474
7572474
18383244
1963178
23173043
13308739
10299140
24465139
19357100
2036380
12889002
13845780
21834535
6982334
3265138
23841599
1086927
12589994
4822596
15554037
5385390
22263561
7511702
21001833
6782899
5104659
9485383
18901523
1793409
14353649
21319106
11660470
3886420
23281404
23037433
3489154
22341949
22713595
15317296
18762631
13535748
18731305
19757808
24500534
16098706
1172142
23094757
12873631
4011979
10663274
24412318
301709
13345826
3009495
6225958
16781786
21386191
3553277
9675896
22442352
11713709
12438321
7382275
13970962
16902308
12374356
2558808
7697870
5667750
10345182
19360846
24408964
939613
8534117
22974154
12513807
13858131
13379891
17364184
18273390
18406507
22112675
19523674
8934877
4539955
2523139
24660698
5633380
15809388
1158649
8606958
15602749
6538241
14514925
7403279
7425960
24860371
19066439
10032373
1002117
19383844
9604803
4178670
18503002
24877192
12791403
3286255
17200929
9688084
5611910
13091997
347795
24596482
23316343
21905296
24358645
21616818
6938041
8127291
8143330
20331695
2637396
14907165
2562142
14354942
21935860
12827349
12498806
15474034
5730246
4151682
11526224
19822695
15263956
15093184
20510250
985543
22743621
5503754
17568658
14530111
11835234
10630659
22130077
2842512
17748054
206474
3469393
22458987
17846528
11881092
23091498
21149600
1625060
1218910
6191020
3664136
4918455
9598194
11677506
24363995
17390405
7585162
7125190
22440797
7180148
22748650
23739920
6282489
8658353
14358723
237743
14141809
1473253
20835224
21517526
24799429
15186440
9746991
24261987
15195023
4331292
286691
16024857
5705717
18250840
19138880
15678051
13696425
5102862
371934
1461108
4489341
3220916
583125
5788149
22917786
20976779
14027274
14159589
17439014
21192002
16327228
16668229
9410741
13963447
21902814
4676105
1166027
19182335
13721887
9489780
2514339
3345689
19358122
4515430
5524462
8422819
10968216
14510457
16637250
6443467
7612482
20518145
20762733
22986273
565082
11183430
22726515
14538427
6624619
20401935
14600966
14826336
23974597
16978172
22398113
24899654
23658452
23048605
20309113
18473353
11794533
11788386
2512169
11235753
12620982
10341135
22834301
7079431
10187553
20223339
5208955
783682
5384717
21819821
4334432
5652097
18829429
19832235
13203744
4366119
18549835
2485949
4869049
23937382
24029896
12149841
1282055
20802963
9219896
2442692
15763289
3254567
21733716
24637057
4588461
10624042
23453057
13605188
22885532
12033053
3689427
7375080
22462300
16195878
11971292
1578452
23535428
3600358
5530448
295405
10923467
15807093
5302605
11258601
14291
15683567
10803676
15422037
24632600
21342039
13616329
2104710
11116271
439034
23269570
1994860
7805461
1106207
721424
18490879
9818800
1945760
6792939
20914537
21684607
3570421
14439811
15297370
17967955
3975966
4935723
6629961
10486293
740921
13342715
100384
6451772
15376912
3726221
20080047
11686733
6283272
5745716
19829335
18209804
6280377
22539435
11713414
23121664
8565375
22620289
13778756
2354560
16614345
778245
2431180
19548794
24051462
17855518
577030
18150967
14614040
23728300
10976499
4483768
5155666
19141606
6885353
20108561
20391151
5650970
13991566
3634506
23680120
15339782
2282873
18867108
20092332
10671680
9360335
735715
21876744
14584451
22413981
12505247
377585
8955047
22082867
13179775
7732171
7485263
2594478
7066542
18498510
10111612
15485404
13769224
22401703
18519437
385063
10343753
24576083
11417185
47702
20421292
15217565
15275538
12996763
10659162
22962985
16751515
12896908
23858213
20539315
2391473
5456578
4962660
451880
14235912
2221862
15688867
11480621
4529119
5346507
14441131
12968690
24576929
16574460
6265378
16665287
18403460
5231882
