200
27177
5547
23443
6766
8926
38718
898
15021
8551
34683
21052
5418
37342
23315
18617
10463
51
34643
26225
25569
20267
2309
38495
2768
28549
1734
14400
37521
7757
11225
13353
30670
25975
29111
38003
7668
32503
17556
7707
2196
13155
20253
9468
4280
32568
38961
38485
19144
17081
37349
26573
16491
27509
28080
30720
7200
24042
11731
28803
28323
12116
30489
6563
33412
11243
23854
3243
5289
6379
16507
13353
31427
16341
3285
19646
4302
8602
38026
27556
20698
34441
18076
25587
9843
35899
33469
18545
20106
5494
17437
19402
20480
14779
31372
4960
20210
35766
19313
35139
12118
12980
12074
29906
3926
34561
18192
11934
14478
25785
39121
14261
12880
15516
14989
22818
10733
31850
26895
11638
10085
13422
5888
33502
18459
15991
9393
22784
2357
999
26322
27732
21298
1360
12172
14171
26308
13972
27877
30780
28118
26185
18466
3182
36478
22820
18706
1533
29732
37127
21467
38455
26938
8192
23909
31684
16814
31104
7073
8124
21957
554
34140
3301
34031
4510
25061
37576
1154
11297
27250
33971
4893
3994
38258
37718
29352
21033
36785
7985
25563
198
17016
34768
30877
21298
32825
1767
23605
832
36028
35396
33259
25808
12786
24868
8481
5982
37316
26570
32844
