1000
2406
695 717
889 388
202 202
804 115
739 603
993 176
604 528
416 98
550 383
55 476
637 183
872 983
317 197
956 115
34 34
231 156
522 151
254 793
460 639
69 824
387 947
699 164
459 182
315 622
602 330
90 90
148 148
279 918
648 335
641 487
590 325
544 554
123 370
439 145
618 574
24 24
892 892
471 664
956 266
938 820
185 686
587 474
79 77
786 604
873 288
306 306
468 115
234 182
126 385
56 622
967 962
215 469
957 683
7 77
108 707
446 289
729 280
772 382
312 900
897 514
283 787
798 798
480 497
19 197
186 879
967 96
1 738
465 465
210 16
319 319
480 995
181 829
749 379
124 749
628 841
249 404
321 764
34 225
934 934
986 986
283 283
710 248
51 911
975 276
599 982
483 854
409 269
951 721
129 129
137 277
25 441
190 943
807 752
888 456
830 544
729 280
895 656
346 356
849 586
63 464
866 534
520 461
365 171
96 96
130 865
897 573
602 547
55 350
32 797
712 669
993 176
390 664
316 767
592 592
304 988
206 363
496 595
840 896
620 794
370 123
153 101
743 331
59 12
656 656
149 373
7 77
428 428
17 752
1 938
880 801
203 610
920 166
701 750
953 953
90 90
715 588
368 175
664 390
376 798
662 444
518 920
926 779
299 918
964 114
196 425
439 145
950 734
233 448
592 592
168 963
63 464
305 489
778 832
823 942
721 430
20 215
522 965
528 604
624 915
906 614
729 215
47 774
354 702
130 474
499 879
353 796
519 824
56 4
769 261
584 584
213 611
690 189
777 911
41 813
429 500
128 682
988 304
503 263
337 711
28 362
547 991
973 945
113 737
470 623
775 190
380 943
777 998
799 799
704 127
664 664
916 490
391 865
661 661
555 242
105 165
755 132
709 13
687 650
811 999
712 537
888 481
733 627
439 439
67 210
592 817
889 717
451 47
274 792
182 133
703 703
686 22
108 830
559 563
432 750
497 160
382 295
148 148
685 12
434 320
117 62
641 946
956 828
589 589
609 609
932 199
833 833
251 322
138 21
674 777
519 69
270 303
836 181
666 980
147 147
444 894
399 936
91 613
374 37
956 956
476 735
331 743
532 825
994 526
528 417
832 778
687 35
800 821
273 137
981 760
559 126
320 138
386 386
348 311
384 579
569 109
658 613
566 482
977 244
20 215
708 428
763 699
567 550
489 305
539 180
561 561
122 233
712 537
555 242
215 20
760 760
185 850
57 654
408 408
947 947
601 881
998 596
535 540
340 428
381 136
178 362
955 416
668 668
750 432
707 294
922 922
872 348
636 601
427 427
521 455
9 148
848 176
308 146
644 152
598 161
185 850
144 931
860 138
436 979
521 455
529 821
902 248
208 208
491 958
848 794
590 237
849 586
593 326
964 658
243 442
165 105
726 503
849 586
812 629
260 847
830 544
992 9
779 590
978 616
619 582
847 847
597 305
689 972
557 526
956 49
740 294
965 151
450 829
789 789
267 646
915 314
201 609
564 191
64 758
252 252
685 753
994 526
954 526
835 202
315 622
362 28
930 715
119 691
920 518
844 651
965 965
118 230
471 969
936 869
534 406
605 836
336 196
482 582
305 597
109 789
548 67
266 956
337 711
396 396
835 202
657 722
938 302
801 407
566 684
559 563
260 264
303 270
234 182
907 507
186 571
118 230
572 285
664 664
78 952
699 763
696 201
658 247
885 599
380 943
564 191
595 286
731 53
79 94
120 908
151 522
591 565
239 546
183 401
182 234
697 594
19 19
297 433
843 418
151 522
840 402
359 939
792 488
635 134
851 130
391 642
885 498
951 328
718 29
381 136
761 961
35 687
12 59
915 121
379 749
197 19
979 645
545 486
223 851
974 504
225 782
940 540
907 507
330 40
83 565
682 363
228 934
183 401
739 421
397 612
381 531
565 83
999 811
137 240
962 967
319 774
962 293
507 106
264 260
735 964
125 26
824 519
983 884
859 819
12 379
574 769
480 995
109 789
945 326
145 439
464 63
100 100
509 575
806 389
215 20
801 143
659 99
823 882
715 588
904 656
619 482
125 765
787 657
543 543
263 545
640 601
462 368
890 933
835 202
29 29
424 515
635 134
410 149
936 869
450 103
498 826
267 137
58 155
158 898
72 913
847 260
756 168
120 908
499 186
46 46
276 975
936 638
405 366
467 543
727 914
281 736
731 803
517 517
709 13
232 259
793 405
99 549
158 205
104 907
219 75
900 312
417 786
898 560
887 447
539 539
243 442
109 789
710 710
726 486
998 998
724 632
323 340
609 852
368 47
829 728
183 637
834 277
656 656
580 707
700 620
573 897
5 577
932 199
665 805
476 658
887 635
95 361
574 211
670 670
773 773
46 764
322 764
494 663
802 823
802 282
875 322
389 161
462 723
140 367
226 231
923 559
686 479
301 655
202 202
204 107
590 325
27 347
614 874
215 20
198 287
302 924
392 64
645 375
622 4
122 390
262 62
710 902
339 650
427 886
436 375
711 267
958 762
318 11
463 910
845 892
265 976
62 611
662 444
807 431
112 112
707 372
695 238
114 735
705 137
460 875
985 985
6 553
555 438
862 457
290 555
541 541
915 713
637 183
397 612
965 965
963 441
543 467
253 655
121 523
678 678
665 665
55 476
917 305
972 689
295 295
846 846
176 176
165 994
74 665
399 399
364 670
201 696
191 564
603 15
239 681
761 868
245 315
350 964
462 368
855 733
269 297
713 915
753 59
50 490
874 720
393 438
208 570
781 196
913 576
922 442
231 933
225 782
191 564
586 652
920 166
824 69
754 928
955 416
526 954
971 395
9 992
236 2
232 343
434 845
201 609
516 814
857 857
512 6
754 928
424 331
5 492
658 476
91 472
986 752
486 545
674 596
965 522
137 273
313 313
798 798
907 907
826 826
874 720
793 366
572 285
362 744
384 515
655 253
547 991
885 982
18 340
506 398
587 474
781 425
685 12
205 560
693 478
914 914
726 486
237 237
378 94
566 482
749 124
964 272
115 468
469 280
204 213
363 650
240 524
922 922
844 344
212 361
249 97
671 461
532 159
793 82
959 341
484 58
394 474
377 732
195 949
489 597
213 204
523 929
435 332
717 695
537 669
470 950
423 901
267 711
694 861
610 214
147 147
6 553
454 615
687 650
275 909
662 73
163 173
105 74
811 357
320 434
742 865
233 122
444 73
602 547
908 457
534 866
801 212
258 369
762 770
58 155
339 868
963 756
731 167
971 27
601 640
530 581
561 216
226 2
80 54
284 284
425 781
146 104
750 432
961 761
999 811
820 746
409 433
179 284
28 308
622 56
443 883
141 396
588 990
358 575
736 293
824 69
980 980
21 138
164 493
879 527
558 837
391 865
870 255
676 607
581 530
786 417
480 292
557 954
413 837
235 695
713 314
285 572
494 663
169 97
847 264
35 35
964 476
947 387
421 802
63 464
544 830
361 212
595 496
60 480
259 232
692 914
803 53
703 894
21 138
985 989
75 219
892 434
63 63
222 170
645 979
354 702
792 484
664 471
334 833
829 459
78 600
95 143
590 325
863 493
936 399
382 773
929 572
709 71
666 271
671 268
939 968
62 204
452 996
574 769
460 202
390 969
496 286
116 1
56 4
177 219
585 112
518 573
594 288
859 785
205 251
426 549
657 787
403 133
629 222
730 255
397 105
378 77
443 538
328 75
667 905
900 345
932 41
504 556
508 508
142 976
298 87
715 930
127 704
450 450
54 806
167 731
946 487
245 568
989 857
172 885
171 171
924 302
129 956
202 774
804 468
499 571
106 907
478 693
114 114
346 792
614 700
775 190
599 172
48 872
574 618
890 231
524 780
428 193
930 715
431 807
134 887
590 237
935 543
271 69
192 853
254 366
184 824
290 242
10 61
249 169
530 351
989 732
70 706
24 24
29 718
835 202
106 507
782 225
838 26
683 957
941 476
710 902
826 498
710 902
704 430
243 442
296 322
879 473
862 862
908 415
407 206
548 86
762 770
120 415
18 340
162 141
486 726
618 211
505 81
821 758
746 3
810 308
492 45
871 612
402 896
329 354
113 113
958 283
618 261
614 700
978 357
599 172
52 948
852 561
124 749
100 988
510 510
192 973
375 645
688 449
467 935
150 816
860 138
598 598
929 523
163 191
701 943
64 271
795 651
419 745
874 720
852 268
331 131
858 348
917 489
932 932
889 717
575 441
31 31
67 548
228 157
160 497
710 902
920 633
446 289
103 450
480 160
759 982
37 374
540 535
562 142
695 235
720 874
539 180
68 641
895 656
822 531
958 491
76 737
508 653
721 951
863 493
354 329
948 52
489 317
98 66
513 76
432 701
244 977
759 885
695 235
804 930
841 93
965 522
20 330
208 551
102 102
858 763
731 53
849 652
820 829
199 199
278 565
185 656
565 278
371 432
655 301
723 175
670 670
722 747
626 332
147 841
511 84
925 112
245 568
170 170
470 950
303 303
436 979
247 964
683 536
15 585
93 628
554 135
840 896
682 128
683 963
660 127
241 749
274 356
113 677
937 893
293 37
902 592
334 312
358 575
480 60
874 720
249 452
322 322
15 585
685 305
108 707
468 151
355 626
984 768
419 745
652 580
909 275
53 896
512 899
972 689
125 766
172 885
949 195
36 5
267 705
161 748
142 465
979 784
668 197
498 826
979 375
576 72
548 453
13 13
863 781
104 146
294 372
280 215
42 454
770 762
888 654
485 958
676 607
609 201
900 312
827 77
110 987
895 611
130 24
470 123
431 807
462 723
810 308
822 531
415 415
353 796
864 435
912 863
215 469
490 312
955 416
203 214
110 559
596 998
996 837
918 279
368 462
800 821
294 580
454 552
170 222
552 454
395 721
982 982
467 752
486 348
986 986
450 911
505 621
33 793
19 668
310 855
382 214
432 750
941 783
500 319
69 824
733 551
706 188
263 263
49 741
571 473
590 325
634 667
495 32
820 938
149 718
686 185
413 413
173 87
549 426
610 772
265 265
757 542
229 934
716 805
239 546
717 717
9 148
532 825
556 504
714 365
305 953
111 109
442 243
376 798
277 267
239 681
472 91
143 801
292 480
934 229
187 187
361 801
947 387
711 337
668 19
483 854
747 722
12 753
178 362
692 727
177 644
744 744
171 365
604 786
176 993
130 616
884 884
435 721
771 740
679 539
300 697
710 902
440 398
293 962
942 942
768 984
521 455
93 841
369 795
497 292
738 1
886 427
29 718
29 718
687 432
87 992
411 84
390 471
551 862
88 667
342 127
688 541
174 896
539 180
283 958
42 615
821 64
956 266
795 844
631 560
802 466
503 545
927 28
450 521
905 667
617 502
576 913
805 970
539 539
382 610
430 276
341 130
610 382
421 802
223 324
992 9
318 318
150 816
115 804
376 798
323 428
270 30
950 993
584 516
496 649
895 656
128 682
672 250
555 242
558 312
807 752
600 952
231 349
336 712
477 209
608 858
677 113
11 639
610 400
275 909
976 737
996 837
939 968
913 576
856 788
692 914
126 630
423 169
331 131
110 846
266 266
489 305
299 279
240 240
371 750
373 718
743 131
206 407
314 915
274 488
459 234
480 160
853 352
611 213
800 529
877 883
62 611
788 384
897 573
941 964
424 743
964 735
334 833
186 692
619 482
263 545
83 92
890 156
533 443
493 164
197 317
209 477
288 300
909 275
327 243
700 700
108 707
258 258
76 976
378 77
716 805
463 910
519 824
484 145
847 264
629 939
731 803
532 725
838 291
51 870
678 678
171 714
719 649
696 451
482 794
179 284
858 608
251 560
536 683
260 847
575 441
675 675
518 633
768 984
922 799
378 827
5 492
480 497
516 814
675 675
691 207
447 447
991 547
367 517
589 466
912 493
970 665
907 606
885 982
520 461
764 321
384 788
502 578
813 176
648 335
721 864
419 170
702 702
486 408
826 502
168 484
395 847
630 126
859 785
798 798
416 899
861 694
83 565
65 331
548 548
766 125
564 623
349 156
154 872
958 491
877 200
657 722
948 52
485 491
655 301
724 820
551 908
514 31
964 89
777 596
2 226
797 197
589 466
24 24
711 267
319 500
980 666
176 813
432 750
595 286
673 259
392 758
749 420
387 947
510 510
346 792
694 768
406 504
547 602
769 261
482 582
388 717
787 747
340 708
828 125
176 813
749 420
824 69
534 504
824 69
713 915
67 453
484 963
287 517
244 244
977 9
130 399
16 2
649 776
223 324
913 477
389 54
838 483
842 842
102 811
677 113
267 277
341 959
461 461
898 205
473 879
480 160
8 607
200 877
953 305
283 485
175 368
333 347
374 37
240 524
35 650
398 506
862 908
857 985
912 493
989 989
365 625
5 577
128 682
98 899
164 863
14 148
746 938
708 18
754 928
718 149
141 162
994 954
426 828
569 789
916 50
668 224
680 251
797 224
14 85
842 101
357 978
746 820
405 793
118 808
809 210
917 305
965 151
765 891
678 139
840 174
910 463
182 182
931 798
939 359
181 836
652 586
458 625
879 527
673 259
965 878
47 626
563 559
507 907
885 885
170 382
389 389
135 544
331 424
301 655
812 187
782 34
583 802
300 481
101 445
944 470
653 653
298 173
738 688
697 873
396 141
671 268
421 802
348 791
878 522
677 113
596 674
72 72
339 47
768 768
863 863
615 42
591 278
3 876
151 878
16 2
703 662
728 603
533 443
163 452
238 11
161 389
926 657
312 345
626 355
992 9
161 80
450 911
325 590
26 838
63 464
649 776
199 199
246 101
635 887
791 348
437 405
419 419
672 250
538 39
645 256
703 662
575 252
112 925
887 447
384 579
216 671
350 55
234 182
145 15
722 643
748 806
415 415
754 928
107 204
922 799
802 583
818 959
318 11
542 92
788 788
74 105
980 980
679 539
524 780
398 760
18 428
758 800
670 364
639 460
721 864
188 706
848 710
448 471
410 718
474 587
852 671
986 986
35 650
746 938
103 103
946 487
727 692
546 546
307 43
574 387
82 33
984 768
332 355
348 311
517 367
609 609
267 705
946 641
84 511
36 5
476 658
688 738
720 257
909 419
991 547
993 813
550 524
163 452
249 97
877 200
544 554
771 740
31 514
242 438
137 267
437 353
193 340
34 782
816 110
918 355
412 412
910 910
5 492
516 814
128 128
511 511
908 862
476 783
475 771
109 569
906 906
506 981
610 610
489 489
880 212
530 351
338 218
556 406
894 903
836 960
946 487
137 277
267 277
158 898
65 331
36 577
747 722
626 332
898 251
849 849
298 298
31 368
376 798
20 698
852 852
613 472
915 98
195 195
739 637
760 506
211 30
78 952
119 207
262 371
754 928
954 994
173 54
476 350
172 759
400 610
730 255
553 6
486 545
865 642
793 33
784 979
28 178
582 417
197 668
157 934
685 685
574 211
946 641
973 192
194 384
463 910
693 478
842 101
812 187
49 49
238 238
960 836
137 267
48 872
895 656
15 603
312 312
181 836
755 592
671 852
761 868
667 88
284 179
294 298
799 922
640 929
548 453
935 467
981 398
392 821
104 810
95 143
390 122
940 940
525 983
247 964
238 11
628 93
347 333
768 984
360 360
428 18
607 8
842 842
240 766
125 766
318 318
861 861
513 976
127 342
848 189
440 760
454 647
88 111
736 281
90 790
29 855
839 316
944 123
234 459
730 870
464 382
831 2
517 367
75 328
555 290
561 671
691 119
867 984
292 142
907 507
408 263
510 299
86 548
696 201
374 374
32 495
843 418
994 557
978 616
967 681
281 728
795 891
548 67
220 150
862 457
453 210
285 572
158 560
395 435
446 401
189 690
614 664
525 872
126 559
721 395
691 38
698 38
320 892
644 177
360 470
283 491
366 793
847 260
714 365
471 233
677 113
12 685
714 365
461 997
22 162
290 438
749 124
344 765
124 241
610 295
425 336
132 672
185 22
882 886
490 50
635 447
782 238
685 12
394 474
972 972
535 540
575 441
129 956
493 91
439 145
746 535
2 831
373 29
314 314
98 416
98 416
775 190
654 57
614 906
532 322
147 606
484 756
796 353
423 901
911 450
348 290
680 560
496 728
45 437
887 134
117 925
238 61
159 725
488 792
821 64
352 853
43 307
665 805
68 736
6 6
205 560
188 70
876 3
964 476
173 298
94 378
333 347
610 214
460 875
451 451
323 684
94 7
568 245
208 208
316 839
129 956
865 742
333 347
316 767
945 593
166 920
871 612
69 184
742 391
762 762
765 795
51 870
242 555
776 649
454 647
919 693
502 578
207 691
677 113
516 814
532 159
539 414
667 634
584 584
594 288
393 438
287 463
282 421
815 111
60 480
269 433
945 593
921 40
919 693
621 113
110 846
448 390
285 572
213 117
698 38
69 824
335 335
894 815
974 68
737 513
580 707
873 697
699 909
872 884
481 456
17 607
405 793
229 934
61 61
331 515
516 516
897 573
362 28
569 789
97 165
542 757
249 97
262 422
450 911
13 751
506 760
803 53
593 326
816 220
10 61
877 200
906 700
282 802
231 156
206 407
996 768
552 615
93 501
838 291
680 251
728 947
508 508
287 76
592 592
848 189
898 680
696 609
313 313
964 89
313 791
805 970
459 182
570 208
672 132
921 330
97 169
152 644
973 192
533 443
206 206
651 344
613 613
132 755
975 276
90 790
586 849
732 377
628 501
228 934
537 669
610 772
364 162
11 318
279 299
213 213
409 433
99 243
640 195
144 903
673 343
148 85
493 217
304 240
940 535
210 548
161 806
310 29
925 925
670 364
228 271
1 116
40 921
325 779
525 872
13 13
740 108
423 767
299 973
109 569
57 57
339 774
726 263
723 723
683 536
369 258
123 470
270 30
158 680
724 632
408 545
186 571
44 952
99 327
47 339
851 324
432 750
569 789
294 707
760 285
713 314
361 95
646 267
237 590
899 66
356 274
436 264
764 46
970 665
739 15
2 236
547 602
642 865
609 609
393 555
221 550
997 461
310 718
538 443
884 872
740 372
259 605
685 59
922 262
443 883
308 146
927 28
303 30
562 142
797 197
792 356
701 432
66 955
369 258
957 683
730 870
126 385
360 470
473 186
450 450
967 967
459 234
793 82
482 684
63 63
847 253
365 365
127 227
90 293
625 446
32 495
821 392
362 744
811 999
306 306
100 988
239 546
816 150
929 523
71 709
121 929
881 601
305 305
713 915
128 758
762 262
204 117
273 137
228 934
275 611
744 28
470 623
227 704
259 343
148 552
251 631
878 878
937 886
597 189
849 652
309 505
442 99
816 220
99 243
561 561
859 511
194 384
761 570
952 589
184 69
40 330
808 572
830 554
633 518
510 299
209 637
101 445
787 643
358 509
541 738
844 765
460 639
632 724
843 843
523 121
444 73
168 756
202 835
294 108
932 516
718 855
226 16
246 101
217 493
227 127
933 156
880 95
295 610
614 906
417 604
603 15
450 679
780 524
891 765
364 754
23 567
589 466
94 79
581 581
177 644
989 857
886 531
651 795
244 977
732 829
77 7
826 498
289 418
786 604
581 465
450 103
747 643
672 672
498 76
80 161
817 101
368 723
314 314
796 353
751 13
205 631
417 786
565 83
480 160
10 10
617 617
942 823
850 22
244 977
900 900
450 450
98 66
291 838
536 683
702 377
456 481
114 964
251 898
769 709
675 155
432 371
966 580
455 521
623 123
412 446
85 148
793 254
23 550
453 67
14 661
101 817
56 315
142 562
865 865
213 204
141 162
88 88
979 436
292 480
779 590
954 526
660 342
542 199
922 93
374 37
760 440
916 50
15 703
882 886
9 9
339 774
99 327
774 47
238 269
761 570
728 860
677 190
267 834
742 642
446 625
780 524
398 440
108 108
385 559
27 347
646 711
128 682
759 982
396 396
315 315
423 423
584 584
824 824
474 394
404 249
386 684
24 24
937 893
906 700
771 108
433 297
612 871
668 224
770 770
976 265
964 272
167 266
483 483
528 528
84 411
124 241
491 283
681 546
446 412
164 568
457 908
172 759
441 25
574 948
685 753
309 505
568 245
877 319
550 221
748 806
550 567
367 140
952 78
648 130
151 151
513 737
300 594
789 789
151 151
613 91
87 173
872 154
897 897
371 432
508 508
660 127
743 424
559 385
990 588
285 307
956 266
20 713
310 718
384 401
644 177
370 360
968 629
17 607
932 199
686 479
249 97
815 111
915 176
680 898
897 0
344 378
101 153
229 934
92 542
155 675
789 569
401 183
148 14
689 192
562 465
403 133
708 428
936 638
812 187
768 768
715 930
978 338
734 779
414 539
248 902
470 123
294 740
502 578
601 636
824 69
752 807
904 656
737 976
722 657
148 14
227 127
67 210
91 472
502 617
134 134
142 465
878 522
753 59
615 454
306 886
982 172
489 489
566 684
755 250
571 415
849 849
789 569
93 628
323 193
119 207
463 463
768 768
475 478
675 155
974 504
795 844
832 81
895 656
0 0
684 482
434 892
494 130
645 256
73 73
68 284
837 558
434 892
77 79
252 575
624 437
479 22
873 697
855 718
959 818
768 984
999 904
550 383
987 846
794 620
531 381
41 678
987 987
288 300
257 874
654 452
796 353
722 657
437 45
846 987
215 729
837 413
671 216
352 853
949 195
269 297
939 629
972 689
102 811
832 81
429 500
534 504
11 11
809 653
958 283
475 478
449 541
256 979
411 314
450 911
529 821
508 422
139 752
783 964
903 144
376 931
635 238
752 807
559 923
110 846
611 117
466 589
859 785
145 439
438 555
846 95
408 486
808 572
437 706
99 659
492 36
93 501
305 489
226 226
41 678
368 462
605 259
