1000
2619
711 438
829 374
559 5
298 547
471 172
40 795
405 859
506 541
57 320
333 617
575 708
534 397
738 12
788 137
465 535
126 373
344 51
173 226
209 715
190 143
101 525
844 361
470 966
393 547
368 209
666 677
391 251
461 553
43 573
934 556
145 534
329 828
335 271
564 140
507 344
190 690
714 633
391 505
777 817
311 59
17 12
339 893
72 621
788 635
532 139
154 706
136 594
880 535
913 223
273 270
269 995
273 691
453 190
116 37
871 211
211 672
687 479
556 417
821 643
352 506
495 403
190 376
728 384
997 951
62 905
945 252
830 827
229 784
285 313
532 945
127 129
477 821
769 945
384 277
888 852
556 949
31 565
54 606
128 835
703 870
46 835
951 941
525 323
606 602
383 295
54 298
898 625
283 556
688 49
76 667
832 717
486 854
190 218
367 25
123 88
285 503
532 475
85 945
870 747
419 320
896 580
789 961
5 72
870 320
296 271
447 533
504 618
256 2
946 979
885 829
106 3
424 149
553 130
962 259
677 957
835 72
901 534
920 49
619 234
556 930
519 76
696 355
698 254
924 686
722 945
320 391
456 506
748 53
35 763
888 189
181 827
668 124
31 388
765 896
536 885
672 71
951 506
333 760
947 993
158 459
910 22
21 599
675 889
556 171
976 705
620 519
830 90
143 502
714 473
297 158
596 893
79 267
826 423
411 194
600 190
486 956
278 569
633 534
925 9
638 49
575 784
435 153
617 190
645 374
314 370
90 583
556 582
332 6
71 294
945 624
779 149
367 310
752 84
507 385
391 635
375 976
190 339
186 738
77 395
17 323
790 335
858 190
826 788
308 895
49 273
452 100
8 226
531 755
300 877
628 778
927 549
426 75
877 49
253 391
939 768
899 72
849 506
507 51
382 289
472 309
114 64
676 12
88 0
562 391
933 71
794 135
190 420
803 630
544 823
501 306
391 41
844 244
209 3
129 945
753 104
945 117
486 72
556 492
951 255
984 373
297 71
827 986
277 911
556 174
492 144
197 42
359 984
882 838
820 292
190 112
945 580
683 987
260 232
613 130
764 209
148 453
528 998
367 701
945 125
760 41
813 684
149 391
534 393
36 149
43 532
712 534
440 380
532 399
632 402
651 22
432 731
238 628
424 190
225 995
306 182
589 295
715 7
245 629
980 842
632 769
430 894
640 888
190 317
665 951
494 42
238 877
506 72
447 556
306 194
634 113
942 870
877 999
55 877
61 951
18 747
903 648
657 378
165 378
894 281
893 71
28 864
803 990
546 216
220 134
891 858
190 199
81 922
246 929
375 812
281 709
788 874
504 484
321 90
547 615
855 373
506 622
670 76
13 926
90 904
429 49
926 551
835 587
916 12
190 344
168 928
12 919
575 184
659 498
951 136
756 620
618 926
808 206
374 910
503 593
69 840
867 745
821 983
389 880
356 72
769 154
951 449
730 116
305 933
407 26
226 759
852 71
159 173
870 474
585 70
732 962
699 758
883 685
86 119
803 868
273 366
202 76
526 899
654 925
391 288
877 859
252 319
830 990
370 902
254 497
520 374
72 131
684 689
705 95
648 971
652 778
239 491
636 806
693 828
945 35
190 140
951 605
308 119
491 760
839 972
233 977
931 877
392 976
295 133
84 448
54 496
870 781
594 76
36 238
715 166
6 626
903 72
450 420
706 288
782 945
569 445
191 391
970 945
388 676
654 392
631 741
72 166
758 939
788 391
481 822
534 222
252 703
236 91
931 646
780 820
549 238
534 892
187 767
945 172
574 230
550 626
483 509
631 423
147 796
656 330
79 951
776 170
367 80
788 911
402 952
800 40
190 762
704 913
931 789
967 59
290 320
616 375
320 577
548 83
295 744
273 261
244 705
644 516
808 872
168 59
409 913
878 380
761 578
258 786
938 788
694 22
984 988
44 839
325 700
259 454
829 645
352 532
831 911
190 671
102 498
874 316
960 16
320 457
49 731
944 20
934 624
190 76
509 945
572 403
312 708
968 239
792 462
240 709
403 435
72 905
945 841
504 851
665 535
875 500
940 48
877 908
49 608
794 605
273 870
432 690
413 209
272 781
330 961
563 892
879 154
656 677
84 467
953 95
904 881
173 71
979 508
38 758
547 736
937 751
421 92
805 819
463 339
258 928
443 281
78 232
556 72
176 751
759 617
56 441
229 373
54 194
190 122
435 105
276 391
161 415
596 964
623 126
981 268
71 1
320 945
512 401
899 495
888 131
481 42
201 93
468 907
145 863
811 190
827 810
683 348
945 386
871 443
419 347
716 134
594 481
810 190
835 46
588 940
382 209
850 639
49 596
638 721
148 206
278 459
877 628
597 555
556 801
81 106
959 511
64 662
67 202
603 190
929 88
201 122
214 200
531 857
401 826
506 132
190 994
245 933
881 525
190 711
278 655
813 151
179 85
375 976
727 722
0 291
303 17
44 935
555 622
386 434
768 680
923 199
306 258
202 764
492 345
283 779
874 183
585 391
850 317
189 548
846 858
954 496
527 948
522 71
951 434
574 664
190 619
900 945
486 467
128 945
146 0
912 463
977 306
83 431
274 424
190 646
649 465
380 273
933 533
821 177
190 545
437 357
421 273
445 104
372 833
222 100
984 884
506 34
828 478
899 915
168 312
296 190
619 23
693 506
611 951
279 713
788 750
615 240
945 275
72 734
375 521
993 167
564 534
199 861
190 429
760 421
200 886
870 362
534 110
994 240
687 591
203 685
681 630
556 321
116 273
746 953
817 750
287 951
678 71
83 888
964 109
981 268
180 459
512 935
413 468
506 873
945 638
486 573
123 976
284 945
556 450
693 539
815 295
742 74
132 735
986 627
805 709
190 336
719 664
686 517
506 939
322 206
556 544
320 988
575 784
913 270
637 276
281 240
499 909
371 991
171 598
359 657
231 384
71 471
444 185
644 211
785 861
391 823
761 783
938 940
873 529
304 190
72 916
805 558
53 71
273 167
709 443
223 704
145 121
398 71
946 315
778 158
540 58
945 77
320 44
945 439
554 936
866 754
829 684
414 225
102 348
420 324
71 245
781 961
589 383
241 910
211 18
448 870
391 604
534 913
440 426
71 914
250 675
5 844
255 495
49 506
729 367
824 45
630 320
590 925
61 105
43 607
977 306
686 107
945 898
243 85
778 391
309 493
177 186
392 521
556 50
908 28
418 612
423 226
664 771
914 670
450 154
71 88
123 67
756 281
585 290
218 467
297 208
947 556
356 147
685 506
112 509
226 155
444 98
748 477
864 656
794 948
223 429
778 938
748 662
168 114
551 177
788 981
534 775
506 677
798 680
487 429
577 524
391 556
190 148
755 944
216 994
279 49
653 584
190 349
49 124
384 922
682 119
645 436
763 990
998 806
669 46
595 778
391 767
452 866
324 509
881 80
935 534
450 553
717 76
873 287
20 127
534 281
802 143
510 788
641 870
692 617
802 745
166 604
120 430
96 71
643 605
556 780
990 50
246 88
71 607
914 305
575 845
705 754
834 827
897 788
190 785
849 610
595 614
88 816
843 329
796 147
113 265
556 472
859 556
811 723
247 331
119 131
204 706
386 938
279 204
193 234
133 575
534 396
547 514
910 945
359 71
635 348
99 255
401 331
725 60
336 651
948 710
276 868
419 92
18 24
154 198
645 687
327 614
958 70
40 445
364 521
877 238
72 330
49 923
878 808
798 236
47 260
361 68
945 377
323 627
945 757
367 49
403 556
491 140
535 113
283 572
815 80
248 577
895 71
72 705
674 789
221 556
968 256
190 746
837 199
76 515
953 705
186 84
715 303
887 232
471 363
71 227
375 422
278 421
891 945
587 752
350 337
390 911
278 65
311 495
168 9
21 336
486 463
237 152
219 870
161 577
764 127
279 320
151 25
736 124
71 825
705 229
912 319
298 839
499 283
911 331
10 506
650 405
283 885
495 99
966 295
749 541
758 941
400 945
877 355
962 567
600 82
346 626
75 945
412 116
190 269
144 534
325 220
945 460
919 310
977 744
272 815
491 688
561 190
190 774
464 744
140 900
155 350
71 231
724 334
548 190
306 954
530 225
431 184
132 551
336 407
556 598
441 366
529 344
263 307
892 214
69 8
886 911
614 951
62 785
872 190
959 511
33 242
888 717
535 76
262 190
879 194
620 327
45 71
828 908
150 842
475 71
32 940
93 909
951 631
36 694
121 688
438 168
54 514
66 565
442 720
714 534
681 190
0 72
507 753
135 16
889 128
983 410
18 534
361 394
72 342
795 495
207 190
216 947
71 161
981 88
167 769
727 873
837 785
766 556
396 868
319 204
950 795
1 738
79 176
90 96
71 649
103 982
190 200
686 295
534 713
76 134
496 65
257 945
49 188
870 721
413 404
241 915
191 806
597 556
999 748
21 866
449 425
506 727
21 886
207 297
717 745
458 168
894 519
11 547
832 62
534 459
808 951
885 773
787 556
501 181
237 556
329 23
857 779
870 530
322 867
703 920
176 862
299 188
845 168
319 556
26 391
345 633
243 626
300 630
601 72
814 534
728 743
462 509
384 945
109 190
183 866
431 496
389 190
987 76
32 76
700 128
216 765
788 791
800 945
265 465
308 131
383 860
827 449
106 959
713 45
49 292
166 653
868 317
216 274
335 73
234 113
367 545
943 476
221 446
407 827
693 44
112 107
984 71
513 658
971 76
992 273
798 726
552 889
851 534
796 802
858 713
807 506
658 391
534 743
902 113
165 239
918 534
203 35
935 351
66 665
119 294
214 72
622 262
640 960
788 864
977 928
559 190
492 260
556 348
273 228
521 98
315 71
556 499
835 841
72 881
372 912
703 690
801 535
542 945
899 495
140 456
273 108
436 57
71 555
46 227
384 922
745 573
94 339
868 358
827 986
286 593
306 605
76 60
612 917
750 22
398 357
103 480
195 506
984 188
33 755
664 278
375 38
798 483
71 180
24 444
375 929
699 47
251 747
264 171
951 844
4 190
521 361
243 85
506 680
712 873
513 823
555 131
190 846
404 413
100 757
308 59
391 181
362 836
612 673
755 33
951 565
956 156
874 897
249 650
131 796
110 194
836 638
943 384
266 508
534 412
71 210
534 908
495 267
517 13
798 89
21 71
979 372
870 989
859 893
478 754
613 977
556 656
733 289
391 964
899 333
740 945
320 828
441 235
757 586
534 71
854 72
870 391
433 372
888 982
128 244
116 382
831 690
43 435
215 666
190 754
71 314
248 812
780 475
945 187
625 47
410 565
188 987
45 691
945 925
965 176
190 395
367 77
881 214
325 835
189 798
829 250
438 272
635 335
280 225
231 942
526 445
556 820
870 726
619 70
87 556
904 856
59 850
103 201
697 107
561 387
991 341
190 552
259 286
446 945
98 185
516 597
121 937
707 664
596 841
951 856
281 768
506 571
705 418
506 357
101 632
263 578
322 888
556 410
455 391
329 373
39 631
82 528
380 279
547 307
71 556
157 430
367 726
979 538
532 54
129 382
128 145
328 374
93 556
230 788
85 647
156 355
842 391
90 774
229 622
600 932
953 240
166 244
22 336
786 178
471 363
79 696
517 71
293 213
865 320
235 534
505 283
254 138
465 592
409 293
665 782
447 722
666 80
493 821
907 572
970 876
95 976
328 302
128 134
978 255
320 737
759 155
673 35
79 951
556 531
631 221
506 418
130 928
275 138
470 875
303 557
190 121
894 679
225 663
7 547
865 436
584 914
320 347
514 335
945 570
4 762
194 349
964 225
214 128
858 10
91 677
793 921
107 697
186 567
955 116
15 190
815 70
951 101
273 853
501 266
787 15
25 367
678 107
76 301
52 238
945 14
945 739
247 911
260 909
487 161
22 591
185 797
190 169
666 161
801 653
660 770
95 549
877 490
473 71
72 310
320 760
122 103
148 906
960 168
63 886
999 938
190 742
252 159
618 71
113 71
238 149
884 836
212 746
828 367
522 718
892 985
456 198
390 969
176 965
469 777
21 598
464 372
116 679
998 806
556 562
347 549
664 326
502 800
314 337
647 179
672 429
904 558
795 899
71 913
34 966
629 889
270 429
494 52
877 870
945 752
212 107
188 667
869 320
72 595
743 218
736 380
202 193
138 698
795 950
418 612
343 781
870 516
950 592
66 494
590 404
981 107
642 306
702 231
676 945
846 784
598 7
556 371
381 410
897 997
856 368
492 345
195 695
142 493
877 544
800 714
642 606
661 945
164 546
721 603
321 874
190 587
777 801
673 795
772 617
329 369
127 60
71 968
909 773
772 951
703 763
234 909
140 883
841 322
54 852
561 905
217 929
930 78
391 478
632 870
135 541
964 196
112 381
469 453
388 870
72 569
945 789
271 499
802 506
534 375
973 263
803 788
682 72
421 558
951 804
196 556
164 534
650 405
319 288
556 150
58 556
63 468
979 744
318 534
577 751
821 472
103 888
551 926
864 69
482 76
534 105
329 195
766 936
37 758
485 840
79 594
72 31
190 945
27 882
634 234
772 976
193 761
721 186
154 273
527 258
894 756
47 966
639 473
496 167
808 974
323 388
236 265
891 743
72 66
579 273
179 47
286 661
534 379
534 305
849 49
556 538
783 295
178 29
951 3
29 714
69 326
856 281
182 59
566 397
758 12
303 3
242 742
987 804
852 769
205 823
995 429
238 969
4 990
25 140
0 803
140 89
598 321
34 911
122 742
659 498
539 71
859 44
49 163
241 210
852 75
458 723
391 280
495 153
241 72
201 71
951 688
399 686
450 903
137 661
988 833
267 546
593 72
821 806
556 480
686 795
645 190
767 74
133 942
663 80
645 936
617 692
205 658
474 506
110 892
633 370
408 265
31 584
547 268
616 556
780 490
102 566
617 795
194 306
259 286
265 193
476 160
722 590
335 560
528 667
226 945
761 548
799 926
12 919
332 792
138 320
393 226
409 187
585 150
353 822
382 273
742 822
453 85
913 409
804 945
198 47
910 563
739 779
918 166
93 802
765 380
945 504
273 730
983 285
663 389
609 107
959 951
813 320
232 930
206 927
695 944
487 199
535 962
817 320
185 49
664 938
273 165
190 361
338 71
504 677
534 738
135 605
798 556
686 501
647 303
587 28
749 286
197 337
804 796
363 158
996 274
932 205
968 572
239 13
960 75
630 149
610 49
439 866
863 375
520 979
353 742
475 269
492 379
548 605
644 871
123 375
720 945
416 603
690 458
506 902
648 888
984 657
988 998
831 676
72 831
273 351
284 90
26 181
654 715
212 71
89 506
945 735
9 723
0 613
175 888
61 953
206 345
941 1
828 693
413 635
559 65
913 492
893 849
343 945
506 80
728 564
588 742
28 367
668 870
3 846
736 274
744 162
466 930
945 19
144 491
945 829
654 873
190 469
945 855
257 35
373 835
496 973
581 633
362 428
484 498
533 447
713 68
745 72
951 592
127 556
831 166
95 939
329 679
690 238
616 944
57 772
284 286
842 584
517 926
790 167
225 366
686 860
76 128
922 417
534 847
180 690
761 578
954 375
740 724
24 273
360 979
626 942
260 936
779 504
627 986
510 384
320 49
931 585
818 350
534 466
427 166
190 764
120 281
556 64
952 6
216 546
979 372
428 190
553 71
708 116
911 788
951 567
912 979
556 653
350 534
173 350
190 945
204 683
444 194
710 391
470 945
36 805
978 669
798 406
181 73
366 868
779 59
534 889
506 353
951 303
945 11
549 904
775 396
338 565
776 279
796 506
763 556
506 749
873 734
556 943
67 946
640 191
284 547
556 432
264 548
814 372
94 339
36 819
384 11
896 733
265 880
505 586
967 306
547 949
645 536
667 990
576 766
534 311
260 825
546 296
990 66
87 505
999 413
699 12
368 72
128 28
681 316
742 481
97 951
208 535
730 260
957 349
870 346
416 506
166 877
75 228
374 406
366 49
619 27
474 357
937 169
340 167
684 556
903 62
184 934
978 945
556 229
156 285
709 72
556 813
489 391
995 740
543 440
435 506
945 736
114 600
208 511
644 391
804 354
511 3
821 748
816 980
709 416
685 974
71 204
52 778
125 970
813 293
366 728
269 720
89 801
429 898
265 234
188 16
702 685
843 890
54 190
534 945
480 393
725 190
854 285
313 190
118 375
72 156
463 273
30 391
696 413
39 520
758 72
571 440
476 886
961 238
320 836
996 499
509 274
58 946
306 556
506 952
204 619
300 876
5 42
675 474
42 945
71 370
993 224
286 688
71 975
660 71
85 47
188 716
888 742
366 637
951 850
888 190
260 47
482 313
401 838
977 508
71 896
316 874
283 770
297 111
179 989
907 391
134 835
190 586
969 853
947 382
100 183
190 437
280 219
144 859
82 556
565 763
225 389
437 55
995 534
145 269
293 499
671 810
3 654
191 137
158 397
750 140
540 559
256 244
945 991
250 505
799 76
534 821
945 574
561 175
944 755
71 494
945 285
758 914
108 84
870 793
792 535
500 119
906 237
951 776
261 811
359 836
806 534
484 49
824 945
687 188
263 798
905 433
951 126
928 383
677 534
892 166
462 792
547 941
190 341
365 407
308 190
847 890
295 784
12 118
127 894
37 38
18 800
895 542
640 534
42 288
401 391
866 401
790 635
393 363
394 714
103 74
225 235
84 556
880 97
27 963
800 163
86 371
168 686
553 461
35 179
945 139
524 140
48 951
709 809
391 936
389 201
863 827
854 691
509 274
85 877
945 102
534 945
445 104
945 183
361 776
353 622
945 427
263 534
374 862
556 299
506 72
556 951
479 391
243 598
509 301
819 877
442 49
878 656
43 71
613 964
540 780
932 363
585 115
768 515
224 228
990 607
363 147
425 788
560 407
71 406
933 696
928 723
279 239
509 34
524 535
877 646
71 779
488 534
203 387
662 274
190 497
530 190
114 194
279 215
554 320
790 846
585 974
190 483
504 896
542 334
184 686
340 177
192 821
340 957
992 492
420 130
695 71
972 839
957 624
71 534
980 88
400 428
71 373
571 717
693 507
535 378
732 535
226 35
979 151
788 694
491 17
866 226
89 890
6 71
200 527
755 462
951 535
119 814
187 323
974 81
29 178
894 23
951 768
515 962
675 527
598 62
716 348
945 278
147 290
71 17
454 962
877 512
321 284
159 811
888 648
411 907
113 282
445 126
367 400
190 158
97 406
518 875
843 190
863 827
411 829
190 23
275 167
358 190
902 937
992 898
214 219
639 409
68 45
795 445
51 468
977 295
377 990
182 318
142 76
975 124
572 313
27 534
22 181
384 390
167 695
478 994
970 971
543 888
65 909
79 813
45 15
901 521
203 561
332 556
712 822
855 521
310 666
155 253
190 868
791 599
654 535
467 224
640 670
557 450
556 956
21 527
587 636
958 619
534 130
49 701
879 421
818 580
286 282
71 481
585 737
384 160
862 930
217 71
806 128
12 318
451 71
73 981
951 334
294 411
299 488
159 350
977 723
367 151
520 695
106 556
349 177
71 927
460 630
447 404
980 88
656 105
176 72
75 424
945 62
518 321
186 929
192 493
102 204
993 167
534 848
669 190
807 581
575 233
854 951
635 449
49 721
249 71
623 945
951 906
321 71
409 869
633 940
164 45
951 375
603 889
395 119
369 810
391 882
970 782
407 190
148 170
273 558
168 686
24 491
932 306
769 342
773 320
355 534
181 635
770 689
948 527
391 468
81 72
821 854
945 729
921 534
966 391
498 49
870 327
387 39
439 261
529 654
687 645
320 566
325 835
206 884
297 611
521 689
491 535
311 303
763 768
473 989
413 51
47 556
549 273
263 431
888 170
120 506
311 758
797 71
186 669
964 217
235 41
227 604
890 89
408 639
769 388
788 413
380 184
821 798
565 378
451 81
193 507
548 431
503 76
525 881
528 951
327 157
332 297
21 321
506 445
853 600
203 951
8 391
969 36
837 534
55 789
945 67
720 568
443 519
872 677
951 500
787 891
556 960
307 578
572 876
873 595
892 985
69 664
306 833
619 669
283 645
71 402
547 534
137 350
708 744
743 748
424 907
2 71
868 261
403 715
408 506
357 835
60 434
385 788
232 965
738 234
536 461
762 99
951 170
267 76
535 792
177 190
588 940
211 457
766 291
662 951
824 372
878 556
190 239
451 10
945 70
152 534
171 54
899 76
652 870
190 248
168 784
997 147
733 289
76 639
172 51
374 302
262 240
354 556
835 257
823 658
556 12
644 672
71 272
375 303
930 381
895 169
733 556
360 783
74 636
115 285
857 684
155 818
358 961
256 892
24 877
65 71
261 608
724 49
556 809
391 788
385 116
624 654
534 546
394 71
215 669
551 190
407 369
990 827
490 58
49 347
849 524
630 92
259 190
225 743
335 939
259 113
312 438
84 141
538 815
329 676
502 370
214 40
945 405
269 822
89 221
625 320
316 872
278 655
281 808
945 16
963 190
587 636
186 506
72 399
36 877
13 165
180 579
556 568
887 601
556 904
753 507
69 14
329 373
21 911
944 568
955 94
556 71
44 921
798 171
765 733
820 64
19 509
391 576
283 436
321 602
834 365
645 302
951 256
157 690
685 746
749 940
673 418
581 170
370 918
353 477
135 573
870 629
985 56
886 476
974 646
915 495
236 408
883 506
563 110
961 238
582 449
876 384
945 306
29 792
664 907
951 887
56 128
278 38
554 851
337 190
194 875
707 664
158 639
360 162
67 704
30 724
791 401
583 171
213 71
312 986
757 186
90 383
384 63
303 584
76 206
450 198
879 154
639 310
996 499
467 870
604 358
71 69
67 33
556 744
129 20
26 834
601 105
792 755
302 489
312 71
59 312
406 932
76 135
674 788
501 979
107 609
550 626
999 214
375 942
670 653
501 946
200 724
580 939
945 573
38 422
433 295
537 281
552 716
167 452
190 675
995 577
347 396
839 556
232 937
764 987
71 664
106 310
702 76
76 951
745 867
69 411
373 894
320 485
801 506
203 581
485 469
140 330
273 777
263 431
639 493
152 789
674 100
310 417
662 507
127 370
190 391
452 50
426 273
258 924
71 741
107 928
557 198
66 118
588 534
72 71
479 817
320 273
151 556
76 821
76 894
335 271
576 261
99 695
289 237
306 602
523 320
530 414
685 687
812 616
571 440
170 203
909 534
21 226
113 265
521 418
718 945
639 841
329 878
534 86
978 741
654 556
64 284
841 716
863 763
556 698
415 71
190 666
648 86
537 856
825 572
391 91
71 115
364 534
514 430
748 486
69 771
26 238
190 786
320 224
704 687
927 62
917 506
43 79
529 363
27 117
70 242
572 534
591 788
213 724
812 654
146 945
686 39
895 644
72 29
391 242
309 945
954 130
888 76
991 504
455 693
203 503
291 391
446 555
106 912
473 293
302 174
407 73
159 773
332 111
71 502
840 788
279 896
161 641
462 489
167 955
317 481
556 360
323 945
320 225
877 785
563 468
323 881
556 770
969 570
615 556
957 506
956 244
157 273
787 547
832 802
845 41
556 490
621 622
175 531
614 709
870 350
562 367
234 69
1 777
190 141
232 381
827 990
961 260
434 962
707 719
542 304
902 894
432 188
877 626
879 327
815 462
284 875
71 643
937 190
71 92
465 712
876 384
686 190
625 402
534 785
519 534
122 104
842 100
781 376
569 432
324 391
540 780
444 49
559 690
965 232
243 718
213 389
263 307
71 167
990 109
215 560
408 848
688 317
739 787
161 523
945 838
100 911
299 644
305 192
728 98
605 532
542 835
676 498
6 342
979 520
197 21
149 72
401 475
233 961
